1606417097502930 0.814389404 -0.580309922 -0.003208223 -0.001453277 0.580209436 0.814116180 0.023913492 -0.002786294 -0.011265371 -0.021336336 0.999708884 0.129992412 0.000000000 0.000000000 0.000000000 1.000000000 
1606417105073364 0.793775321 -0.608189199 0.005161249 1.269819250 0.607929574 0.793637501 0.023688631 0.198743418 -0.018503330 -0.015665775 0.999706062 0.136739186 0.000000000 0.000000000 0.000000000 1.000000000 
1606417105799194 0.773833132 -0.633328952 0.008759112 2.837433593 0.633060563 0.773802914 0.021526136 0.388060061 -0.020410952 -0.011112589 0.999729915 0.148181207 0.000000000 0.000000000 0.000000000 1.000000000 
1606417106317627 0.762501048 -0.646761109 0.017094447 4.365482900 0.646658445 0.762689696 0.011716782 0.560937772 -0.020615717 0.002120210 0.999785225 0.160346808 0.000000000 0.000000000 0.000000000 1.000000000 
1606417106732422 0.753412769 -0.656981852 0.027277190 5.819004876 0.656907046 0.753861609 0.012876663 0.696360295 -0.029022960 0.008217136 0.999544970 0.177673864 0.000000000 0.000000000 0.000000000 1.000000000 
1606417107250977 0.748838043 -0.661932294 0.032973074 7.869540871 0.662026904 0.749419544 0.009524963 0.870893574 -0.031015546 0.014696407 0.999410852 0.211836824 0.000000000 0.000000000 0.000000000 1.000000000 
1606417107562012 0.750619431 -0.659926355 0.032675311 9.178660267 0.659867138 0.751250054 0.014096700 0.968979909 -0.033850113 0.010980107 0.999366603 0.239281586 0.000000000 0.000000000 0.000000000 1.000000000 
1606417107769531 0.752099782 -0.657953088 0.037995429 10.075440228 0.657779556 0.752979224 0.018663947 1.046191303 -0.040889770 0.010955466 0.999103600 0.259013255 0.000000000 0.000000000 0.000000000 1.000000000 
1606417107976807 0.754975929 -0.654608969 0.038709742 11.001730120 0.654389918 0.755896820 0.019845191 1.127347347 -0.042251411 0.010348623 0.999053414 0.284492347 0.000000000 0.000000000 0.000000000 1.000000000 
1606417108287964 0.760176748 -0.649054818 0.029311342 12.459635015 0.648986713 0.760687400 0.013073851 1.262170059 -0.030782414 0.009084234 0.999484827 0.321695950 0.000000000 0.000000000 0.000000000 1.000000000 
1606417108495361 0.763717647 -0.644704620 0.033034975 13.452713648 0.644716110 0.764332141 0.011726722 1.369606456 -0.032809965 0.012342276 0.999385398 0.355069198 0.000000000 0.000000000 0.000000000 1.000000000 
1606417108806641 0.768570140 -0.638043898 0.046903363 14.985416459 0.637409173 0.769965223 0.029378585 1.529747130 -0.054858785 0.007317131 0.998467312 0.385207844 0.000000000 0.000000000 0.000000000 1.000000000 
1606417109014038 0.771472156 -0.634625574 0.045619011 16.082671503 0.634376251 0.772722360 0.021608475 1.664099518 -0.048964120 0.012269280 0.998725177 0.425369729 0.000000000 0.000000000 0.000000000 1.000000000 
1606417109325195 0.775258608 -0.630423282 0.039250172 17.804713897 0.630291240 0.776167930 0.017213280 1.866987226 -0.041316377 0.011394296 0.999081141 0.493768753 0.000000000 0.000000000 0.000000000 1.000000000 
1606417109532715 0.777589174 -0.627632527 0.037848213 18.984804015 0.627424715 0.778454568 0.018620210 2.009318609 -0.041149764 0.009268031 0.999110004 0.521807834 0.000000000 0.000000000 0.000000000 1.000000000 
1606417109739990 0.779973174 -0.624814838 0.035330813 20.190455811 0.624702525 0.780709095 0.015493998 2.162805105 -0.037263967 0.009986345 0.999255558 0.560160981 0.000000000 0.000000000 0.000000000 1.000000000 
1606417110051026 0.785923993 -0.617687141 0.028036997 22.042352730 0.617472137 0.786413217 0.016805108 2.399167083 -0.032428964 0.004104526 0.999465615 0.606276620 0.000000000 0.000000000 0.000000000 1.000000000 
1606417110258301 0.792298083 -0.609419420 0.029524880 23.299687120 0.609261223 0.792825285 0.015127107 2.584897925 -0.032626825 0.006003187 0.999449575 0.638168177 0.000000000 0.000000000 0.000000000 1.000000000 
1606417110569336 0.801227679 -0.597588054 0.030376375 25.229125397 0.597340024 0.801793381 0.017671163 2.887783405 -0.034915653 0.003986400 0.999382312 0.679316509 0.000000000 0.000000000 0.000000000 1.000000000 
1606417110776978 0.806792804 -0.590163539 0.028149039 26.550861499 0.589966431 0.807274270 0.015743667 3.112999360 -0.032015333 0.003905110 0.999479749 0.712110591 0.000000000 0.000000000 0.000000000 1.000000000 
1606417110984375 0.811820038 -0.583485215 0.022208766 27.887136457 0.583246284 0.812123532 0.016707518 3.343256638 -0.027784851 -0.000610318 0.999613740 0.742894544 0.000000000 0.000000000 0.000000000 1.000000000 
1606417111295654 0.818751608 -0.573914663 0.016363508 29.913514157 0.573439953 0.818824761 0.026317865 3.707325142 -0.028503054 -0.012164305 0.999519687 0.781672271 0.000000000 0.000000000 0.000000000 1.000000000 
1606417111503296 0.823441942 -0.567370186 0.005868659 31.306846021 0.567383568 0.823453261 -0.000783417 4.000833069 -0.004388079 0.003974879 0.999982472 0.821828377 0.000000000 0.000000000 0.000000000 1.000000000 
1606417111814331 0.830041007 -0.557225326 0.023062159 33.344055164 0.556968169 0.830360398 0.016972559 4.429590614 -0.028607444 -0.001243032 0.999589950 0.823979313 0.000000000 0.000000000 0.000000000 1.000000000 
1606417112021729 0.834227441 -0.551025729 0.020862019 34.756987564 0.551065418 0.834450890 0.004314857 4.753227002 -0.019785927 0.007896765 0.999773053 0.852499735 0.000000000 0.000000000 0.000000000 1.000000000 
1606417112229004 0.839201311 -0.543710693 0.010947257 36.202300229 0.543812983 0.839127615 -0.011501586 5.092139239 -0.002932610 0.015605406 0.999873928 0.868407278 0.000000000 0.000000000 0.000000000 1.000000000 
1606417112539795 0.843956266 -0.535886324 0.023741714 38.345586549 0.536009838 0.844210653 0.001351322 5.599539930 -0.020767163 0.011585335 0.999717212 0.858559883 0.000000000 0.000000000 0.000000000 1.000000000 
1606417112747315 0.845643496 -0.533137624 0.025521576 39.810484884 0.533282159 0.845936388 0.001329334 5.958926389 -0.022298348 0.012486059 0.999673388 0.870268085 0.000000000 0.000000000 0.000000000 1.000000000 
1606417113058594 0.846108733 -0.532768707 0.016047324 42.060758940 0.532953151 0.846075434 -0.010830458 6.511126882 -0.007807118 0.017716217 0.999812575 0.892390354 0.000000000 0.000000000 0.000000000 1.000000000 
1606417113266113 0.846601923 -0.531938900 0.017498297 43.562266269 0.532066077 0.846696487 -0.003278370 6.874648095 -0.013071854 0.012085724 0.999841518 0.886663506 0.000000000 0.000000000 0.000000000 1.000000000 
1606417113577393 0.846364079 -0.532451751 0.012766329 45.859084998 0.532549939 0.846377743 -0.005939611 7.434806470 -0.007642580 0.011825781 0.999900866 0.893318917 0.000000000 0.000000000 0.000000000 1.000000000 
1606417113784790 0.845986982 -0.532987121 0.015190617 47.397388142 0.533120587 0.846014564 -0.006465111 7.813820057 -0.009405662 0.013567831 0.999863714 0.891823292 0.000000000 0.000000000 0.000000000 1.000000000 
1606417113991943 0.845829815 -0.533129616 0.018567081 48.942893100 0.533313170 0.845892410 -0.006564542 8.196238160 -0.012206002 0.015454554 0.999806066 0.891874782 0.000000000 0.000000000 0.000000000 1.000000000 
1606417114302979 0.844670367 -0.535284703 0.001502642 51.313409533 0.535279564 0.844640993 -0.007574967 8.749984911 0.002785571 0.007202684 0.999970181 0.889294147 0.000000000 0.000000000 0.000000000 1.000000000 
1606417114510376 0.845251988 -0.534291504 0.009036961 52.881025244 0.534307386 0.845289917 0.000757035 9.126286622 -0.008043329 0.004188630 0.999958879 0.876625157 0.000000000 0.000000000 0.000000000 1.000000000 
1606417114821289 0.844321887 -0.535823688 0.003677801 55.279538778 0.535824334 0.844329017 0.000890503 9.695842131 -0.003582426 0.001218784 0.999992840 0.877644212 0.000000000 0.000000000 0.000000000 1.000000000 
1606417115028809 0.844127952 -0.536091824 -0.007318301 56.903482207 0.536090312 0.844157412 -0.002332565 10.075939369 0.007428267 -0.001954287 0.999970500 0.872530538 0.000000000 0.000000000 0.000000000 1.000000000 
1606417115236084 0.843915896 -0.536368993 -0.010689398 58.518743245 0.536415077 0.843952366 0.001808285 10.451380454 0.008051435 -0.007259995 0.999941232 0.855723752 0.000000000 0.000000000 0.000000000 1.000000000 
1606417115547363 0.843442758 -0.537039356 -0.013894019 60.955110697 0.537113245 0.843507843 0.001969833 11.028168600 0.010661836 -0.009124103 0.999901533 0.828748921 0.000000000 0.000000000 0.000000000 1.000000000 
1606417115754761 0.843567830 -0.536975980 -0.007079047 62.569916362 0.537004834 0.843573912 0.002977110 11.417403561 0.004373063 -0.006312877 0.999970512 0.810078427 0.000000000 0.000000000 0.000000000 1.000000000 
1606417116066040 0.843458946 -0.537189664 -0.002066567 64.997618799 0.537188711 0.843461445 -0.001038971 12.007296418 0.002301194 -0.000233807 0.999997325 0.794989765 0.000000000 0.000000000 0.000000000 1.000000000 
1606417116273438 0.842694705 -0.538391610 0.000329100 66.610281551 0.538391650 0.842694743 -0.000042878 12.391752516 -0.000254245 0.000213317 0.999999945 0.785063343 0.000000000 0.000000000 0.000000000 1.000000000 
1606417116480835 0.842213936 -0.539129850 -0.003832758 68.228714478 0.539120158 0.842222347 -0.003312666 12.770363173 0.005013991 0.000723656 0.999987168 0.778109454 0.000000000 0.000000000 0.000000000 1.000000000 
1606417116791992 0.839858418 -0.542727043 -0.009230041 70.645404863 0.542648333 0.839903008 -0.009783865 13.333835950 0.013062307 0.003208395 0.999909537 0.752297263 0.000000000 0.000000000 0.000000000 1.000000000 
1606417116999512 0.837672560 -0.546037362 -0.012160628 72.249975600 0.545911284 0.837752847 -0.012289733 13.699083991 0.016898255 0.003656148 0.999850530 0.725076970 0.000000000 0.000000000 0.000000000 1.000000000 
1606417117310547 0.829970883 -0.557615251 -0.014613890 74.648004217 0.557390151 0.830078709 -0.016898429 14.223436625 0.021553500 0.005879566 0.999750408 0.673411713 0.000000000 0.000000000 0.000000000 1.000000000 
1606417117518067 0.822373753 -0.568926725 -0.004877748 76.232966115 0.568682890 0.822222384 -0.023454702 14.561253879 0.017354601 0.016514640 0.999713001 0.638235813 0.000000000 0.000000000 0.000000000 1.000000000 
1606417117829102 0.803073848 -0.595855638 0.005334190 78.599089867 0.595818788 0.802832036 -0.021463782 14.988853976 0.008506857 0.020415213 0.999755396 0.591216495 0.000000000 0.000000000 0.000000000 1.000000000 
1606417118036621 0.787359151 -0.616494140 0.000737484 80.188140126 0.616305287 0.787087188 -0.025720638 15.220032083 0.015276158 0.020705895 0.999668898 0.571743737 0.000000000 0.000000000 0.000000000 1.000000000 
1606417118244019 0.767168597 -0.641442069 0.002101368 81.768145694 0.641203702 0.766785333 -0.029967733 15.402320827 0.017611267 0.024337708 0.999548658 0.538687989 0.000000000 0.000000000 0.000000000 1.000000000 
1606417118554932 0.733168517 -0.679971969 0.010101896 84.109094851 0.679987877 0.732828005 -0.024074918 15.573783748 0.008967317 0.024520139 0.999659117 0.494294956 0.000000000 0.000000000 0.000000000 1.000000000 
1606417118762451 0.706592264 -0.707571749 0.008342236 85.673324080 0.707490691 0.706186953 -0.027511976 15.612421745 0.013575519 0.025341803 0.999586664 0.481147947 0.000000000 0.000000000 0.000000000 1.000000000 
1606417119073242 0.660707144 -0.750636753 0.003245813 88.004661978 0.750227089 0.660190157 -0.036170033 15.550937134 0.025007702 0.026332896 0.999340379 0.438670831 0.000000000 0.000000000 0.000000000 1.000000000 
1606417119280518 0.627943989 -0.778251061 0.003410609 89.538949106 0.777763171 0.627381940 -0.038423312 15.427241310 0.027763229 0.026780334 0.999255731 0.400823115 0.000000000 0.000000000 0.000000000 1.000000000 
1606417119488037 0.592834823 -0.805239343 0.011682218 91.043441864 0.805084090 0.592241677 -0.033006123 15.239342243 0.019659132 0.028972347 0.999386873 0.367490213 0.000000000 0.000000000 0.000000000 1.000000000 
1606417119799072 0.533048462 -0.845910157 0.017185537 93.271877745 0.845880312 0.532363297 -0.032799652 14.826989366 0.018596609 0.032020712 0.999314185 0.329969140 0.000000000 0.000000000 0.000000000 1.000000000 
1606417120006592 0.490396005 -0.871262457 0.020334429 94.727377442 0.871243234 0.489552175 -0.035691661 14.468227297 0.021142040 0.035219282 0.999155952 0.320416406 0.000000000 0.000000000 0.000000000 1.000000000 
1606417120317871 0.422310290 -0.906242113 0.019474404 96.850026144 0.906140385 0.421505290 -0.035254702 13.784164255 0.023740731 0.032534967 0.999188598 0.289233182 0.000000000 0.000000000 0.000000000 1.000000000 
1606417120525147 0.376837843 -0.926094234 0.018512432 98.226976680 0.925827131 0.375954317 -0.038761773 13.247163693 0.028937226 0.031746215 0.999076981 0.279870930 0.000000000 0.000000000 0.000000000 1.000000000 
1606417120732544 0.328922029 -0.944073880 0.023125927 99.573298427 0.943680966 0.327661472 -0.045871486 12.654065350 0.035728597 0.036911639 0.998679627 0.248859151 0.000000000 0.000000000 0.000000000 1.000000000 
1606417121043579 0.251300820 -0.967769411 0.016439766 101.526960638 0.966495379 0.249979952 -0.058281271 11.617027229 0.052293219 0.030535089 0.998164830 0.208328223 0.000000000 0.000000000 0.000000000 1.000000000 
1606417121250855 0.196588166 -0.980120192 0.026786248 102.745295593 0.979475642 0.195072254 -0.050737395 10.853782762 0.044503491 0.036210848 0.998352750 0.171575534 0.000000000 0.000000000 0.000000000 1.000000000 
1606417121562012 0.113006654 -0.993147148 0.029803334 104.477755302 0.993025894 0.111876799 -0.037190806 9.569967433 0.033601642 0.033798291 0.998863657 0.139126831 0.000000000 0.000000000 0.000000000 1.000000000 
1606417121769409 0.056944120 -0.997781212 0.034496655 105.573001535 0.997871205 0.055781146 -0.033786425 8.646763633 0.031787197 0.036347157 0.998833549 0.129758211 0.000000000 0.000000000 0.000000000 1.000000000 
1606417121976807 0.003898956 -0.998998331 0.044577279 106.617848369 0.999452005 0.002427663 -0.033012054 7.677819626 0.032870768 0.044681563 0.998460350 0.128812681 0.000000000 0.000000000 0.000000000 1.000000000 
1606417122287964 -0.075708754 -0.995883509 0.049841970 108.070787709 0.996806856 -0.076862024 -0.021640741 6.107957975 0.025382612 0.048044423 0.998522637 0.141377949 0.000000000 0.000000000 0.000000000 1.000000000 
1606417122495484 -0.120579465 -0.992014015 0.036997125 108.985549774 0.992364076 -0.121429242 -0.021644401 4.972801559 0.025964082 0.034104748 0.999080944 0.163176724 0.000000000 0.000000000 0.000000000 1.000000000 
1606417122806397 -0.171738196 -0.984799778 0.025988247 110.277161166 0.985017834 -0.172076557 -0.011380891 3.203334203 0.015679867 0.023644353 0.999597462 0.176513032 0.000000000 0.000000000 0.000000000 1.000000000 
1606417123013672 -0.195518263 -0.980373252 0.025315919 111.111369801 0.980641345 -0.195723878 -0.005892049 1.989953660 0.010731337 0.023673834 0.999662137 0.182611981 0.000000000 0.000000000 0.000000000 1.000000000 
1606417123324707 -0.221621165 -0.974482398 0.035610618 112.352487986 0.975027671 -0.221985784 -0.006584298 0.139577994 0.014321333 0.033262119 0.999344050 0.203306872 0.000000000 0.000000000 0.000000000 1.000000000 
1606417123531983 -0.232188071 -0.971675695 0.043989115 113.174908960 0.972415609 -0.232925739 -0.012388843 -1.116175135 0.022284135 0.039899161 0.998955191 0.224509808 0.000000000 0.000000000 0.000000000 1.000000000 
1606417123739502 -0.236739950 -0.970284304 0.050025654 114.002460330 0.971011841 -0.238039185 -0.021756645 -2.389730981 0.033018197 0.043424835 0.998510933 0.245307825 0.000000000 0.000000000 0.000000000 1.000000000 
1606417124050781 -0.232878702 -0.970944142 0.055090677 115.258354144 0.971196581 -0.235130157 -0.038613599 -4.323054805 0.050445127 0.044511593 0.997734437 0.269536161 0.000000000 0.000000000 0.000000000 1.000000000 
1606417124258301 -0.224567691 -0.972980117 0.053656729 116.105119333 0.972899617 -0.226981627 -0.044109830 -5.624058406 0.055097079 0.042296969 0.997584722 0.274389590 0.000000000 0.000000000 0.000000000 1.000000000 
1606417124569702 -0.205055700 -0.977667455 0.046027237 117.403205768 0.977391880 -0.207021339 -0.042979965 -7.586968578 0.051548733 0.036173361 0.998015138 0.269834197 0.000000000 0.000000000 0.000000000 1.000000000 
1606417124777100 -0.189402119 -0.980867442 0.045009982 118.306341595 0.980577739 -0.191326085 -0.043146567 -8.888593268 0.050932646 0.035963735 0.998054345 0.260053860 0.000000000 0.000000000 0.000000000 1.000000000 
1606417124984497 -0.173322798 -0.983796677 0.045861811 119.240378543 0.983567649 -0.175296148 -0.043196523 -10.185237399 0.050535995 0.037621251 0.998013404 0.250793278 0.000000000 0.000000000 0.000000000 1.000000000 
1606417125295654 -0.150228697 -0.987664939 0.044150949 120.709445172 0.986988863 -0.152415135 -0.051211438 -12.133073103 0.057309015 0.035883067 0.997711422 0.232429332 0.000000000 0.000000000 0.000000000 1.000000000 
1606417125502930 -0.134467443 -0.989897646 0.044957281 121.712979575 0.989372669 -0.136652296 -0.049677678 -13.420611390 0.055319333 0.037799475 0.997752961 0.214622849 0.000000000 0.000000000 0.000000000 1.000000000 
1606417125813965 -0.111962696 -0.992782516 0.042979424 123.249001066 0.992740897 -0.113660630 -0.039329028 -15.336328314 0.043930240 0.038264048 0.998301556 0.195511329 0.000000000 0.000000000 0.000000000 1.000000000 
1606417126021362 -0.096080624 -0.994810017 0.033489468 124.300868620 0.994596805 -0.097280215 -0.036245770 -16.606114307 0.039315518 0.029826002 0.998781608 0.194370700 0.000000000 0.000000000 0.000000000 1.000000000 
1606417126228760 -0.076798616 -0.996466248 0.034014556 125.373415530 0.996463457 -0.077875667 -0.031558829 -17.838870971 0.034096214 0.031470588 0.998922945 0.185807021 0.000000000 0.000000000 0.000000000 1.000000000 
1606417126539795 -0.045924240 -0.998192767 0.038757758 127.013388735 0.998725365 -0.046692994 -0.019167909 -19.627517774 0.020942984 0.037828084 0.999064776 0.187226036 0.000000000 0.000000000 0.000000000 1.000000000 
1606417126747437 -0.024635894 -0.999060638 0.035649878 128.145794804 0.999400421 -0.025480764 -0.023442055 -20.790457498 0.024328420 0.035050987 0.999089364 0.200702778 0.000000000 0.000000000 0.000000000 1.000000000 
1606417127058716 0.006523359 -0.999453116 0.032417815 129.867360936 0.999674676 0.005718575 -0.024856379 -22.468092417 0.024657402 0.032569416 0.999165274 0.211162857 0.000000000 0.000000000 0.000000000 1.000000000 
1606417127266113 0.028291820 -0.998908133 0.037176812 131.025347144 0.999387684 0.027500273 -0.021633117 -23.537551276 0.020587124 0.037766088 0.999074518 0.213665790 0.000000000 0.000000000 0.000000000 1.000000000 
1606417127577393 0.057352254 -0.998015674 0.025989099 132.800683894 0.998096398 0.056726694 -0.024200462 -25.106619179 0.022678164 0.027327577 0.999369253 0.225629747 0.000000000 0.000000000 0.000000000 1.000000000 
1606417127784668 0.075299697 -0.996842934 0.025181738 133.987697111 0.996981191 0.074782628 -0.020882119 -26.108614621 0.018933036 0.026678136 0.999464765 0.227745420 0.000000000 0.000000000 0.000000000 1.000000000 
1606417127992066 0.093393459 -0.995025066 0.034681117 135.181425310 0.995569759 0.092950322 -0.014180728 -27.067345860 0.010886558 0.035851859 0.999297817 0.223242399 0.000000000 0.000000000 0.000000000 1.000000000 
1606417128302979 0.116043493 -0.993147569 0.013849714 137.021002746 0.992819282 0.115574783 -0.030860041 -28.497466358 0.029047897 0.017331370 0.999427758 0.240737019 0.000000000 0.000000000 0.000000000 1.000000000 
1606417128510376 0.131283456 -0.991206376 0.016570313 138.226861877 0.991159408 0.130917249 -0.021533741 -29.404412282 0.019175042 0.019250845 0.999630793 0.222609550 0.000000000 0.000000000 0.000000000 1.000000000 
1606417128821533 0.154543508 -0.987875170 0.014797047 140.068214360 0.987804015 0.154210276 -0.021503930 -30.726035796 0.018961341 0.017939875 0.999659256 0.207047059 0.000000000 0.000000000 0.000000000 1.000000000 
1606417129028809 0.166906475 -0.985849008 0.015619309 141.303294179 0.985773426 0.166533290 -0.022746758 -31.573017733 0.019823734 0.019193681 0.999619239 0.198667656 0.000000000 0.000000000 0.000000000 1.000000000 
1606417129236328 0.177692560 -0.983928760 0.017593996 142.531829135 0.983985763 0.177390817 -0.017450420 -32.402020306 0.014048957 0.020413051 0.999692920 0.186169848 0.000000000 0.000000000 0.000000000 1.000000000 
1606417129547608 0.189873146 -0.981525801 0.023564609 144.379072955 0.981726453 0.189492031 -0.017491179 -33.607531306 0.012702738 0.026455105 0.999569291 0.183747337 0.000000000 0.000000000 0.000000000 1.000000000 
1606417129755249 0.196248148 -0.980296962 0.022461782 145.609285979 0.980426964 0.195802074 -0.020603765 -34.396583187 0.015799745 0.026065588 0.999535369 0.184350277 0.000000000 0.000000000 0.000000000 1.000000000 
1606417130066406 0.203605823 -0.978667263 0.027478308 147.428839504 0.978895551 0.202989660 -0.023636804 -35.538361670 0.017554754 0.031710984 0.999342906 0.183251403 0.000000000 0.000000000 0.000000000 1.000000000 
1606417130273682 0.209211717 -0.977416097 0.029803198 148.612837771 0.977748459 0.208607219 -0.022158036 -36.275856308 0.015440459 0.033775752 0.999310157 0.184652539 0.000000000 0.000000000 0.000000000 1.000000000 
1606417130480957 0.221296423 -0.974847050 0.026478710 149.770359682 0.975082836 0.220754216 -0.021932610 -36.986722726 0.015535653 0.030672544 0.999408744 0.188840082 0.000000000 0.000000000 0.000000000 1.000000000 
1606417130791626 0.258559350 -0.965700813 0.023853769 151.433013124 0.965953184 0.258238431 -0.015727682 -37.946891526 0.009028276 0.027108164 0.999591736 0.198988568 0.000000000 0.000000000 0.000000000 1.000000000 
1606417130998657 0.300751481 -0.953307063 0.027462520 152.501279968 0.953697365 0.300530210 -0.011955301 -38.486938242 0.003143756 0.029786507 0.999551340 0.202543659 0.000000000 0.000000000 0.000000000 1.000000000 
1606417131309326 0.376312799 -0.926226515 0.022206317 154.051347068 0.926474768 0.376048405 -0.015234874 -39.143006779 0.005760295 0.026306671 0.999637323 0.222676822 0.000000000 0.000000000 0.000000000 1.000000000 
1606417131516968 0.436884053 -0.899278414 0.020752305 155.021945157 0.899514232 0.436700787 -0.012906175 -39.464050900 0.002543697 0.024305496 0.999701342 0.229180222 0.000000000 0.000000000 0.000000000 1.000000000 
1606417131828369 0.542265687 -0.840052241 0.016129418 156.408176427 0.840206471 0.542142405 -0.011605969 -39.769596027 0.001005179 0.019845561 0.999802552 0.235739474 0.000000000 0.000000000 0.000000000 1.000000000 
1606417132036255 0.616126801 -0.787503024 0.015058315 157.300433813 0.787645179 0.615971904 -0.013917058 -39.850034384 0.001684227 0.020435282 0.999789759 0.240878447 0.000000000 0.000000000 0.000000000 1.000000000 
1606417132243897 0.693432511 -0.720395929 0.013455814 158.153410003 0.720519981 0.693349432 -0.010840765 -39.843915419 -0.001519938 0.017212521 0.999850698 0.239800727 0.000000000 0.000000000 0.000000000 1.000000000 
1606417132762573 0.875756494 -0.482736794 0.003968808 160.110248608 0.482751775 0.875705157 -0.009549918 -39.401749717 0.001134591 0.010279352 0.999946522 0.231920362 0.000000000 0.000000000 0.000000000 1.000000000 
1606417133280518 0.987136748 -0.159868962 0.001719184 161.691499160 0.159878105 0.987091111 -0.009493704 -38.382544663 -0.000179242 0.009646444 0.999953456 0.213395661 0.000000000 0.000000000 0.000000000 1.000000000 
1606417133799194 0.977137944 0.212503365 -0.006615050 162.737092163 -0.212570940 0.977069860 -0.012168937 -36.927945846 0.003877426 0.013296897 0.999904074 0.192758374 0.000000000 0.000000000 0.000000000 1.000000000 
1606417134318237 0.820177522 0.571725089 -0.020958427 163.125927211 -0.571999499 0.820187024 -0.010479455 -35.245086027 0.011198463 0.020583223 0.999725425 0.157837188 0.000000000 0.000000000 0.000000000 1.000000000 
1606417134733276 0.598666341 0.800488341 -0.028583689 162.937441281 -0.800916487 0.598734448 -0.007059870 -33.858940758 0.011462696 0.027119654 0.999566471 0.120997984 0.000000000 0.000000000 0.000000000 1.000000000 
1606417135251343 0.214674726 0.975874903 -0.039786117 162.067790354 -0.976398037 0.215421820 0.015502048 -32.232938403 0.023698857 0.035519188 0.999087960 0.074458987 0.000000000 0.000000000 0.000000000 1.000000000 
1606417135769898 -0.141370341 0.989746767 -0.020390275 160.475746460 -0.989729141 -0.140866165 0.024350568 -30.934925331 0.021228596 0.023623297 0.999495516 0.036844014 0.000000000 0.000000000 0.000000000 1.000000000 
1606417136081909 -0.298299769 0.954189968 -0.023211042 159.265159454 -0.954378305 -0.297841045 0.021278236 -30.308780612 0.013390278 0.028499408 0.999504119 0.032886774 0.000000000 0.000000000 0.000000000 1.000000000 
1606417136289795 -0.379853449 0.924746374 -0.023569091 158.383510243 -0.924963899 -0.379355302 0.023050835 -29.963561105 0.012375116 0.030556498 0.999456431 0.025892407 0.000000000 0.000000000 0.000000000 1.000000000 
1606417136497559 -0.444510363 0.895646429 -0.015100071 157.453013355 -0.895664148 -0.444129203 0.023129749 -29.682556355 0.014009694 0.023806005 0.999618428 0.022659811 0.000000000 0.000000000 0.000000000 1.000000000 
1606417136808472 -0.517558609 0.855625777 -0.006133224 155.980970335 -0.855411944 -0.517234405 0.027184112 -29.334840865 0.020087112 0.019315804 0.999611628 0.017287629 0.000000000 0.000000000 0.000000000 1.000000000 
1606417137015137 -0.544634427 0.838667058 -0.003302463 154.938901330 -0.838594202 -0.544524500 0.015900731 -29.150296112 0.011537147 0.011429511 0.999868122 0.023932377 0.000000000 0.000000000 0.000000000 1.000000000 
1606417137325318 -0.563845009 0.825866254 -0.004872009 153.334058216 -0.825803268 -0.563701646 0.017012259 -28.870645079 0.011303491 0.013615599 0.999843411 0.030615473 0.000000000 0.000000000 0.000000000 1.000000000 
1606417137532593 -0.565604290 0.824661475 -0.005023772 152.235259249 -0.824428962 -0.565274503 0.027957513 -28.670690043 0.020215674 0.019954632 0.999596488 0.030245668 0.000000000 0.000000000 0.000000000 1.000000000 
1606417137739746 -0.565204119 0.824949837 -0.001439094 151.095768559 -0.824686059 -0.564977460 0.026331984 -28.483986374 0.020909510 0.016069746 0.999652217 0.038986123 0.000000000 0.000000000 0.000000000 1.000000000 
1606417138050903 -0.562645814 0.826657766 -0.008162467 149.319929819 -0.826603172 -0.562404213 0.020704997 -28.173406681 0.012525341 0.018396701 0.999752308 0.052474941 0.000000000 0.000000000 0.000000000 1.000000000 
1606417138258545 -0.556166314 0.831067136 0.002539071 148.107803302 -0.830993346 -0.556153510 0.011972167 -27.978523965 0.011361788 0.004548565 0.999925107 0.061232343 0.000000000 0.000000000 0.000000000 1.000000000 
1606417138569946 -0.533446343 0.845691743 0.015507281 146.267933216 -0.845559984 -0.533650510 0.015666747 -27.620232597 0.021524707 -0.004754967 0.999757009 0.067211578 0.000000000 0.000000000 0.000000000 1.000000000 
1606417138777832 -0.510138435 0.860036186 0.009825298 145.000728329 -0.859958445 -0.510227294 0.011814463 -27.325033734 0.015174001 -0.002422336 0.999881934 0.083164898 0.000000000 0.000000000 0.000000000 1.000000000 
1606417138985230 -0.483213908 0.875493536 0.003922767 143.727492488 -0.875440449 -0.483228176 0.009723722 -26.980823582 0.010408647 0.001264489 0.999945029 0.097822157 0.000000000 0.000000000 0.000000000 1.000000000 
1606417139296143 -0.435848887 0.900019519 -0.000782944 141.826821898 -0.899875971 -0.435763487 0.018259794 -26.366335594 0.016092992 0.008663064 0.999832970 0.103223707 0.000000000 0.000000000 0.000000000 1.000000000 
1606417139503418 -0.401360645 0.915919607 -0.000952282 140.561597669 -0.915732134 -0.401256997 0.020675595 -25.900402149 0.018555073 0.009170406 0.999785784 0.112930094 0.000000000 0.000000000 0.000000000 1.000000000 
1606417139814087 -0.344215878 0.938858876 -0.007709779 138.673217038 -0.938645559 -0.343926893 0.025667225 -25.082094429 0.021446301 0.016071816 0.999640812 0.127191252 0.000000000 0.000000000 0.000000000 1.000000000 
1606417140021240 -0.305322862 0.952198244 -0.009821088 137.413004057 -0.952096023 -0.305072817 0.021065121 -24.470172105 0.017062025 0.015782282 0.999729867 0.136008080 0.000000000 0.000000000 0.000000000 1.000000000 
1606417140228516 -0.266008758 0.963926162 -0.009257150 136.162117250 -0.963848044 -0.265809538 0.018499645 -23.800669023 0.015371653 0.013843554 0.999786011 0.137322020 0.000000000 0.000000000 0.000000000 1.000000000 
1606417140539673 -0.206421099 0.978451665 -0.004761297 134.304814252 -0.978357130 -0.206324603 0.015731625 -22.685184430 0.014410262 0.007905589 0.999864914 0.136844876 0.000000000 0.000000000 0.000000000 1.000000000 
1606417140747315 -0.167912910 0.985774750 -0.007307345 133.081128737 -0.985666465 -0.167762402 0.017815620 -21.856555711 0.016336291 0.010194077 0.999814586 0.134113431 0.000000000 0.000000000 0.000000000 1.000000000 
1606417141058960 -0.107537009 0.994031522 -0.018360988 131.270950836 -0.994113395 -0.107263909 0.015264700 -20.484658239 0.013204122 0.019894425 0.999714891 0.133117275 0.000000000 0.000000000 0.000000000 1.000000000 
1606417141266602 -0.065446188 0.997641031 -0.020716422 130.114382047 -0.997619179 -0.064964166 0.023143709 -19.499703022 0.021743289 0.022181768 0.999517483 0.120110292 0.000000000 0.000000000 0.000000000 1.000000000 
1606417141577637 -0.003157512 0.999779441 -0.020762923 128.422576831 -0.999806028 -0.002752587 0.019502048 -17.931563955 0.019440595 0.020820474 0.999594203 0.110920298 0.000000000 0.000000000 0.000000000 1.000000000 
1606417141784912 0.036339448 0.999283804 -0.010551028 127.352304715 -0.999008597 0.036597070 0.025347148 -16.840758186 0.025715131 0.009619466 0.999623028 0.103727074 0.000000000 0.000000000 0.000000000 1.000000000 
1606417141992066 0.071681460 0.997417929 0.004386685 126.302409116 -0.997244609 0.071583383 0.019468160 -15.717836062 0.019103878 -0.005770104 0.999800854 0.115387328 0.000000000 0.000000000 0.000000000 1.000000000 
1606417142302735 0.122642160 0.992445482 -0.003296358 124.804668281 -0.992387533 0.122671196 0.010897767 -13.926143100 0.011219808 0.001934739 0.999935184 0.135260044 0.000000000 0.000000000 0.000000000 1.000000000 
1606417142510132 0.149974863 0.988682023 -0.003924114 123.859228801 -0.988616961 0.150010812 0.011543854 -12.695425708 0.012001861 0.002148158 0.999925668 0.142761252 0.000000000 0.000000000 0.000000000 1.000000000 
1606417142821289 0.181564965 0.983333873 -0.009415781 122.519059474 -0.982944100 0.181761074 0.027996587 -10.798046702 0.029241414 0.004171987 0.999563672 0.146973726 0.000000000 0.000000000 0.000000000 1.000000000 
1606417143028687 0.196732805 0.980300696 -0.017514236 121.628247200 -0.980149144 0.197087338 0.021546136 -9.502704264 0.024573527 0.012927731 0.999614433 0.162411519 0.000000000 0.000000000 0.000000000 1.000000000 
1606417143236328 0.210701118 0.977398080 -0.017263594 120.764665799 -0.977101626 0.211106654 0.026578075 -8.203879497 0.029621819 0.011268255 0.999497661 0.161942164 0.000000000 0.000000000 0.000000000 1.000000000 
1606417143547730 0.225533841 0.974092662 -0.016672526 119.479904761 -0.973815681 0.225905927 0.025485917 -6.228561207 0.028592067 0.010488030 0.999536140 0.166600501 0.000000000 0.000000000 0.000000000 1.000000000 
1606417143755249 0.231533420 0.972621406 -0.019996913 118.633039376 -0.972407354 0.231988319 0.024604013 -4.893756225 0.028569440 0.013748494 0.999497257 0.169557549 0.000000000 0.000000000 0.000000000 1.000000000 
1606417144066406 0.231748760 0.972515520 -0.022496109 117.363041409 -0.972331689 0.232279653 0.024844501 -2.881918130 0.029387051 0.016115997 0.999438180 0.166001495 0.000000000 0.000000000 0.000000000 1.000000000 
1606417144273682 0.222848826 0.974460394 -0.027664805 116.508887097 -0.974275370 0.223603866 0.028085824 -1.535509410 0.033554481 0.020694246 0.999222620 0.160360252 0.000000000 0.000000000 0.000000000 1.000000000 
1606417144480835 0.207869025 0.977712094 -0.029487790 115.625611466 -0.977607015 0.208668275 0.027241059 -0.201020145 0.032787079 0.023164898 0.999193873 0.155637202 0.000000000 0.000000000 0.000000000 1.000000000 
1606417144791748 0.174326528 0.984041853 -0.035663604 114.253014458 -0.983981071 0.175459156 0.031548956 1.778926830 0.037302999 0.029592491 0.998865742 0.142420345 0.000000000 0.000000000 0.000000000 1.000000000 
1606417144999024 0.145936478 0.988678269 -0.034897347 113.288646446 -0.988561913 0.147094511 0.033294864 3.064388524 0.038051117 0.029639253 0.998836136 0.133753087 0.000000000 0.000000000 0.000000000 1.000000000 
1606417145310181 0.101755628 0.994025499 -0.039485441 111.763820773 -0.994222840 0.102978327 0.030272254 4.945744792 0.034157537 0.036176955 0.998761478 0.122914489 0.000000000 0.000000000 0.000000000 1.000000000 
1606417145517944 0.066337651 0.996864905 -0.043123972 110.701203819 -0.997205025 0.067725152 0.031550616 6.160640079 0.034372279 0.040910448 0.998571420 0.105703934 0.000000000 0.000000000 0.000000000 1.000000000 
1606417145829346 0.003850975 0.999053585 -0.043325564 109.019194040 -0.999440105 0.005285232 0.033038504 7.886570815 0.033236222 0.043174076 0.998514573 0.084280478 0.000000000 0.000000000 0.000000000 1.000000000 
1606417146036865 -0.043040702 0.998567366 -0.031791730 107.852742681 -0.998126889 -0.041593392 0.044863167 8.954072315 0.043476568 0.033663123 0.998487147 0.073857552 0.000000000 0.000000000 0.000000000 1.000000000 
1606417146244141 -0.091493773 0.995340841 -0.030422014 106.618613623 -0.995117094 -0.090251946 0.039956922 9.970351999 0.037025110 0.033929275 0.998738177 0.084908340 0.000000000 0.000000000 0.000000000 1.000000000 
1606417146555176 -0.174215423 0.984302570 -0.028238912 104.708096059 -0.983599150 -0.172587462 0.052404967 11.369443317 0.046708662 0.036905523 0.998226569 0.105053122 0.000000000 0.000000000 0.000000000 1.000000000 
1606417146762451 -0.232545568 0.972492839 -0.013425256 103.373675006 -0.971342306 -0.231528479 0.053746518 12.175175188 0.049159774 0.025539034 0.998464358 0.134478797 0.000000000 0.000000000 0.000000000 1.000000000 
1606417147073486 -0.316034808 0.948590320 -0.017274382 101.293320081 -0.947716945 -0.314790703 0.052339323 13.260756237 0.044210760 0.032912272 0.998479940 0.196309895 0.000000000 0.000000000 0.000000000 1.000000000 
1606417147281006 -0.370730255 0.928618038 -0.015086987 99.856149963 -0.928002896 -0.369739576 0.045861435 13.874977653 0.037009500 0.031002989 0.998833876 0.228654207 0.000000000 0.000000000 0.000000000 1.000000000 
1606417147488526 -0.418265334 0.908102806 -0.020084923 98.384069259 -0.907700891 -0.417056312 0.046293897 14.422929066 0.033663074 0.037594235 0.998725924 0.254174978 0.000000000 0.000000000 0.000000000 1.000000000 
1606417147799927 -0.486038238 0.873854295 -0.012062463 96.101240809 -0.873603941 -0.485425091 0.034331269 15.080716892 0.024145105 0.027224125 0.999337711 0.287415890 0.000000000 0.000000000 0.000000000 1.000000000 
1606417148007568 -0.529035227 0.848514234 -0.012055010 94.552028115 -0.848163470 -0.528254290 0.039574403 15.445514858 0.027211333 0.031160873 0.999143905 0.305018725 0.000000000 0.000000000 0.000000000 1.000000000 
1606417148318604 -0.590801721 0.806763442 -0.009277680 92.170407625 -0.806473902 -0.590176382 0.035939997 15.833299678 0.023519608 0.028715619 0.999310883 0.340364432 0.000000000 0.000000000 0.000000000 1.000000000 
1606417148525757 -0.629847301 0.776698883 -0.005587783 90.571928483 -0.776134978 -0.629078516 0.043298009 16.006607832 0.030114361 0.031608008 0.999046575 0.366447973 0.000000000 0.000000000 0.000000000 1.000000000 
1606417148732910 -0.666711390 0.745314770 0.001347234 88.957693184 -0.744518896 -0.666080852 0.045032340 16.089249113 0.034460635 0.029020533 0.998984621 0.402256176 0.000000000 0.000000000 0.000000000 1.000000000 
1606417149043823 -0.714266098 0.699874231 0.000031048 86.489779731 -0.699587487 -0.713974726 0.028590881 16.062590020 0.020032188 0.020399776 0.999591197 0.466599317 0.000000000 0.000000000 0.000000000 1.000000000 
1606417149251221 -0.741800797 0.670601358 0.005039428 84.843757717 -0.670344014 -0.741689938 0.023128753 15.966466735 0.019247866 0.013778777 0.999719793 0.491590005 0.000000000 0.000000000 0.000000000 1.000000000 
1606417149562622 -0.775739790 0.631023543 0.006088195 82.368425995 -0.630769972 -0.775644761 0.022459898 15.710761325 0.018895001 0.013582786 0.999729207 0.529032161 0.000000000 0.000000000 0.000000000 1.000000000 
1606417149770264 -0.794634243 0.606921110 0.014254332 80.723752853 -0.606448487 -0.794655545 0.027254312 15.473139309 0.027868501 0.013012692 0.999526896 0.551191335 0.000000000 0.000000000 0.000000000 1.000000000 
1606417149977905 -0.808931314 0.587870935 0.006155764 79.052257971 -0.587606771 -0.808811609 0.023282280 15.192885579 0.018665829 0.015216596 0.999709979 0.589604193 0.000000000 0.000000000 0.000000000 1.000000000 
1606417150289063 -0.827007690 0.561879267 0.018707490 76.563623378 -0.561631384 -0.827211354 0.017075239 14.686124503 0.025069271 0.003614641 0.999679182 0.629951712 0.000000000 0.000000000 0.000000000 1.000000000 
1606417150496338 -0.835247548 0.549300456 0.025110611 74.906168062 -0.548908220 -0.835616065 0.021108246 14.318846215 0.032577599 0.003847190 0.999461805 0.661665974 0.000000000 0.000000000 0.000000000 1.000000000 
1606417150807129 -0.844664892 0.534895853 0.020679610 72.386631830 -0.534768911 -0.844917194 0.011711005 13.719656090 0.023736726 -0.001166937 0.999717563 0.725368280 0.000000000 0.000000000 0.000000000 1.000000000 
1606417151014404 -0.849366712 0.527511583 0.017541901 70.703596056 -0.527424458 -0.849547178 0.009645397 13.303641452 0.019990731 -0.001059549 0.999799604 0.752908169 0.000000000 0.000000000 0.000000000 1.000000000 
1606417151325195 -0.853391477 0.521036462 0.015620242 68.171968359 -0.521091349 -0.853500669 0.000643567 12.645575839 0.013667209 -0.007590359 0.999877789 0.782402300 0.000000000 0.000000000 0.000000000 1.000000000 
1606417151532715 -0.854553051 0.519248454 0.010960179 66.472395753 -0.519268210 -0.854610513 0.001182019 12.208036110 0.009980446 -0.004681175 0.999939237 0.791364963 0.000000000 0.000000000 0.000000000 1.000000000 
1606417151740112 -0.854802873 0.518674284 0.017001019 64.776080201 -0.518750525 -0.854925661 -0.000087288 11.755777686 0.014489334 -0.008893902 0.999855468 0.798861956 0.000000000 0.000000000 0.000000000 1.000000000 
1606417152051636 -0.853885427 0.520006160 0.021754783 62.212701887 -0.520192904 -0.854041177 -0.003606910 11.075278041 0.016703865 -0.014396571 0.999756830 0.818898947 0.000000000 0.000000000 0.000000000 1.000000000 
1606417152259155 -0.853431399 0.520633469 0.024405707 60.507697061 -0.520800831 -0.853678010 -0.000591553 10.630989029 0.020526633 -0.013215363 0.999701961 0.835233046 0.000000000 0.000000000 0.000000000 1.000000000 
1606417152570435 -0.851385655 0.524186948 0.019248659 57.943147098 -0.524334742 -0.851505990 -0.003260065 9.974985642 0.014681465 -0.012868313 0.999809412 0.866136065 0.000000000 0.000000000 0.000000000 1.000000000 
1606417152777710 -0.848548793 0.528901224 0.015114233 56.242885626 -0.528952491 -0.848651146 0.000703464 9.557726908 0.013198775 -0.007397788 0.999885526 0.877557285 0.000000000 0.000000000 0.000000000 1.000000000 
1606417152984985 -0.845921657 0.533284405 0.004928933 54.530001746 -0.533300167 -0.845921805 -0.002689188 9.148159851 0.002735390 -0.004903443 0.999984237 0.887918569 0.000000000 0.000000000 0.000000000 1.000000000 
1606417153295899 -0.843919461 0.536461236 0.003047294 51.985599508 -0.536427354 -0.843910462 0.007799043 8.547131276 0.006755527 0.004947112 0.999964944 0.885845109 0.000000000 0.000000000 0.000000000 1.000000000 
1606417153502930 -0.842325676 0.538963029 0.002511512 50.287547342 -0.538917829 -0.842300882 0.009838621 8.151942216 0.007418102 0.006933825 0.999948446 0.890680744 0.000000000 0.000000000 0.000000000 1.000000000 
1606417153813965 -0.841977833 0.539484399 -0.005469226 47.726053867 -0.539506588 -0.841971847 0.004006346 7.554084538 -0.002443573 0.006323938 0.999977018 0.900170268 0.000000000 0.000000000 0.000000000 1.000000000 
