1606417097528152 0.979843754 0.199175060 0.015346467 -0.005591902 0.199444473 -0.979731467 -0.018658891 -0.010576910 0.011319031 0.021343566 -0.999708123 0.494885921 0.000000000 0.000000000 0.000000000 1.000000000 
1606417105027635 0.985675783 0.167368199 0.020763823 1.185793493 0.167631040 -0.985781234 -0.011627284 0.183845370 0.018522550 0.014941394 -0.999716795 0.500919430 0.000000000 0.000000000 0.000000000 1.000000000 
1606417105778267 0.990691327 0.134382520 0.021726310 2.775546432 0.134591765 -0.990864956 -0.008467389 0.377527955 0.020389970 0.011312751 -0.999728098 0.512786875 0.000000000 0.000000000 0.000000000 1.000000000 
1606417106278898 0.992880483 0.117475598 0.019693386 4.232676168 0.117418382 -0.993074315 0.004040880 0.549455805 0.020031701 -0.001699745 -0.999797900 0.524408899 0.000000000 0.000000000 0.000000000 1.000000000 
1606417106778912 0.994417393 0.101675831 0.028214776 5.983260278 0.101383684 -0.994779741 0.011602388 0.714275440 0.029247170 -0.008677098 -0.999534547 0.544415070 0.000000000 0.000000000 0.000000000 1.000000000 
1606417107278293 0.994946421 0.096153496 0.028915821 7.972142708 0.095661176 -0.995251988 0.017956028 0.886117650 0.030505063 -0.015099164 -0.999420560 0.579769742 0.000000000 0.000000000 0.000000000 1.000000000 
1606417107528290 0.994636605 0.098526943 0.031471656 9.023360168 0.098102985 -0.995067008 0.014746302 0.962433393 0.032769315 -0.011579748 -0.999395858 0.601691456 0.000000000 0.000000000 0.000000000 1.000000000 
1606417107778302 0.994027685 0.101656952 0.039684066 10.099065673 0.101127178 -0.994758275 0.015141571 1.053795320 0.041015299 -0.011038004 -0.999097547 0.624781794 0.000000000 0.000000000 0.000000000 1.000000000 
1606417108028300 0.993427487 0.106981432 0.040703826 11.220804332 0.106502244 -0.994217102 0.013770508 1.150871140 0.041941629 -0.009344952 -0.999076359 0.655191963 0.000000000 0.000000000 0.000000000 1.000000000 
1606417108278307 0.993138929 0.112906202 0.030450898 12.401168588 0.112582540 -0.993568121 0.012147412 1.260359761 0.031626560 -0.008635829 -0.999462447 0.685337330 0.000000000 0.000000000 0.000000000 1.000000000 
1606417108528306 0.992213040 0.119772946 0.034171993 13.596480950 0.119267933 -0.992725653 0.016460208 1.390816838 0.035894901 -0.012256410 -0.999280409 0.725598055 0.000000000 0.000000000 0.000000000 1.000000000 
1606417108778322 0.990600651 0.126839111 0.051207324 14.822777872 0.126283260 -0.991895972 0.013961348 1.516572559 0.052563183 -0.007363493 -0.998590452 0.749944634 0.000000000 0.000000000 0.000000000 1.000000000 
1606417109028320 0.990179805 0.132214131 0.045424406 16.143570992 0.131479158 -0.991140329 0.018816982 1.678487189 0.047509831 -0.012659833 -0.998790541 0.794919962 0.000000000 0.000000000 0.000000000 1.000000000 
1606417109278939 0.989933499 0.136447430 0.037600083 17.532444771 0.135876940 -0.990573899 0.017343792 1.841419108 0.039612177 -0.012060216 -0.999142346 0.853839629 0.000000000 0.000000000 0.000000000 1.000000000 
1606417109528326 0.989258776 0.140729231 0.039526665 18.944439968 0.140237758 -0.990004881 0.014956810 2.009530151 0.041236451 -0.009253025 -0.999106569 0.885693726 0.000000000 0.000000000 0.000000000 1.000000000 
1606417109778955 0.988824088 0.144977693 0.034761918 20.406143211 0.144541594 -0.989388640 0.014759635 2.195584742 0.036532864 -0.009570140 -0.999286627 0.931726347 0.000000000 0.000000000 0.000000000 1.000000000 
1606417110028334 0.987799753 0.152512394 0.031489949 21.893657061 0.152291089 -0.988291696 0.009324625 2.382558234 0.032543376 -0.004415224 -0.999460572 0.967966003 0.000000000 0.000000000 0.000000000 1.000000000 
1606417110278336 0.985839334 0.164739435 0.031332499 23.410275265 0.164446050 -0.986316230 0.011738429 2.606376442 0.032837534 -0.006419700 -0.999440085 1.005949747 0.000000000 0.000000000 0.000000000 1.000000000 
1606417110528338 0.983721664 0.176457722 0.033975883 24.958236586 0.176204465 -0.984299353 0.010332981 2.847302691 0.035265774 -0.004178075 -0.999369236 1.037496285 0.000000000 0.000000000 0.000000000 1.000000000 
1606417110778343 0.981783504 0.187512231 0.030664534 26.547997650 0.187295093 -0.982254487 0.009832130 3.115952645 0.031964020 -0.003909706 -0.999481373 1.077102718 0.000000000 0.000000000 0.000000000 1.000000000 
1606417111028973 0.979879153 0.197151420 0.031115330 28.160977237 0.197116601 -0.980371000 0.004212915 3.393780521 0.031335149 0.002005201 -0.999506922 1.115372201 0.000000000 0.000000000 0.000000000 1.000000000 
1606417111278970 0.977986618 0.206205083 0.031963089 29.791143726 0.206459922 -0.978443023 -0.004852978 3.682178779 0.030273352 0.011345244 -0.999477268 1.144105634 0.000000000 0.000000000 0.000000000 1.000000000 
1606417111528979 0.976392206 0.215973045 0.003728881 31.474390760 0.215953741 -0.976390900 0.004979187 4.038461103 0.004716216 -0.004056374 -0.999980651 1.190617392 0.000000000 0.000000000 0.000000000 1.000000000 
1606417111778358 0.973827997 0.225907117 0.025000128 33.097803883 0.225922183 -0.974142737 0.002257184 4.374824062 0.024863607 0.003449975 -0.999684900 1.190508953 0.000000000 0.000000000 0.000000000 1.000000000 
1606417112028365 0.972022258 0.234282226 0.016869162 34.795898377 0.234088903 -0.972132606 0.012672050 4.767144645 0.019367899 -0.008368631 -0.999777400 1.218656478 0.000000000 0.000000000 0.000000000 1.000000000 
1606417112277746 0.969765644 0.244021808 -0.002820218 36.541755341 0.244038068 -0.969707057 0.010660455 5.168839812 -0.000133402 -0.011026384 -0.999939199 1.232195561 0.000000000 0.000000000 0.000000000 1.000000000 
1606417112527736 0.967797802 0.251226579 0.015894011 38.255268727 0.250946831 -0.967839236 0.017689019 5.583271183 0.019826799 -0.013130842 -0.999717200 1.223895845 0.000000000 0.000000000 0.000000000 1.000000000 
1606417112778377 0.966902536 0.254641332 0.016039870 40.027406589 0.254361258 -0.966948795 0.017617582 6.017136811 0.019995898 -0.012954563 -0.999716131 1.238754523 0.000000000 0.000000000 0.000000000 1.000000000 
1606417113028998 0.966987367 0.254810565 0.002647265 41.844590998 0.254713135 -0.966820153 0.019493885 6.465504833 0.007526677 -0.018176047 -0.999806471 1.257365921 0.000000000 0.000000000 0.000000000 1.000000000 
1606417113279003 0.966615721 0.256055536 0.009466304 43.651577076 0.255891732 -0.966577898 0.015703122 6.902447415 0.013170792 -0.012756536 -0.999831886 1.251416174 0.000000000 0.000000000 0.000000000 1.000000000 
1606417113529006 0.966771052 0.255594117 0.005037990 45.497260403 0.255509224 -0.966713884 0.013390374 7.351705903 0.008292796 -0.011658173 -0.999897653 1.257082268 0.000000000 0.000000000 0.000000000 1.000000000 
1606417113779006 0.966975098 0.254808997 0.005615588 47.351014956 0.254699606 -0.966898332 0.015353364 7.808001543 0.009341879 -0.013416033 -0.999866361 1.256815567 0.000000000 0.000000000 0.000000000 1.000000000 
1606417114029010 0.967052710 0.254448342 0.008068352 49.217990509 0.254256737 -0.966941194 0.019448372 8.268938043 0.012750228 -0.016756168 -0.999778307 1.256271580 0.000000000 0.000000000 0.000000000 1.000000000 
1606417114279014 0.967608685 0.252415991 -0.004427250 51.132517175 0.252437842 -0.967598189 0.005374104 8.707072194 -0.002927289 -0.006317635 -0.999975759 1.254167561 0.000000000 0.000000000 0.000000000 1.000000000 
1606417114528388 0.967303159 0.253491730 0.008157267 53.014334773 0.253444561 -0.967328806 0.006390336 9.159676551 0.009510656 -0.004113977 -0.999946310 1.240625181 0.000000000 0.000000000 0.000000000 1.000000000 
1606417114778397 0.967777932 0.251743948 0.005555116 54.943280204 0.251737612 -0.967793806 0.001823273 9.615100634 0.005835205 -0.000366091 -0.999982908 1.241253048 0.000000000 0.000000000 0.000000000 1.000000000 
1606417115028402 0.967882767 0.251313036 -0.006686322 56.903010627 0.251292605 -0.967903896 -0.003751677 10.074494828 -0.007414563 0.001950961 -0.999970609 1.237546315 0.000000000 0.000000000 0.000000000 1.000000000 
1606417115277781 0.967973156 0.250998715 -0.005254965 58.846706186 0.250935628 -0.967947802 -0.010409710 10.523783483 -0.007699355 0.008757662 -0.999932009 1.215578722 0.000000000 0.000000000 0.000000000 1.000000000 
1606417115528410 0.968153450 0.250216669 -0.008397350 60.811102695 0.250113292 -0.968145945 -0.011694891 10.989140025 -0.011056117 0.009222160 -0.999896352 1.194988307 0.000000000 0.000000000 0.000000000 1.000000000 
1606417115778414 0.968158470 0.250323114 -0.002741567 62.755981585 0.250299945 -0.968144019 -0.006862623 11.460006139 -0.004372105 0.005957893 -0.999972694 1.173009960 0.000000000 0.000000000 0.000000000 1.000000000 
1606417116028412 0.968203095 0.250149410 -0.002835471 64.705826458 0.250149178 -0.968207206 -0.000441745 11.937707154 -0.002855826 -0.000281592 -0.999995882 1.161769011 0.000000000 0.000000000 0.000000000 1.000000000 
1606417116279045 0.968595327 0.248642463 0.000131431 66.653897154 0.248642410 -0.968595294 0.000328141 12.402244261 0.000208893 -0.000285156 -0.999999938 1.149866222 0.000000000 0.000000000 0.000000000 1.000000000 
1606417116529050 0.968907682 0.247331857 -0.006697463 68.607280898 0.247325408 -0.968930826 -0.001787747 12.857279689 -0.006931545 0.000075709 -0.999975974 1.140787551 0.000000000 0.000000000 0.000000000 1.000000000 
1606417116779061 0.969729330 0.243824613 -0.013213057 70.550079279 0.243839592 -0.969815453 -0.000489913 13.311436857 -0.012933680 -0.002746784 -0.999912584 1.118709741 0.000000000 0.000000000 0.000000000 1.000000000 
1606417117029057 0.970879375 0.238926628 -0.017530140 72.484099775 0.238959857 -0.971029425 -0.000204760 13.751921212 -0.017071204 -0.003990203 -0.999846314 1.085411058 0.000000000 0.000000000 0.000000000 1.000000000 
1606417117279052 0.973407680 0.228070618 -0.021477486 74.412389090 0.228157968 -0.973622685 0.001675739 14.175713849 -0.020528781 -0.006531437 -0.999767928 1.044369697 0.000000000 0.000000000 0.000000000 1.000000000 
1606417117529064 0.977063789 0.212021578 -0.019829332 76.322502285 0.212300040 -0.977115857 0.013164129 14.584453224 -0.016584475 -0.017071961 -0.999716712 1.001270243 0.000000000 0.000000000 0.000000000 1.000000000 
1606417117779062 0.982383020 0.186536328 -0.011304852 78.219703091 0.186663729 -0.982356444 0.011509565 14.926776917 -0.008958442 -0.013417007 -0.999869857 0.961398882 0.000000000 0.000000000 0.000000000 1.000000000 
1606417118028448 0.987614525 0.155835806 -0.018241505 80.131264238 0.156163808 -0.987563601 0.018193400 15.219796606 -0.015179463 -0.020816729 -0.999668069 0.937647092 0.000000000 0.000000000 0.000000000 1.000000000 
1606417118278449 0.992833325 0.117802803 -0.020111923 82.035973717 0.118222178 -0.992762607 0.021116885 15.434424978 -0.017478737 -0.023343222 -0.999574703 0.898376632 0.000000000 0.000000000 0.000000000 1.000000000 
1606417118528452 0.996962749 0.076941209 -0.012055164 83.913982549 0.077198324 -0.996760634 0.022553434 15.571138874 -0.010280824 -0.023415572 -0.999672954 0.863677034 0.000000000 0.000000000 0.000000000 1.000000000 
1606417118778455 0.999429331 0.030076669 -0.015375506 85.799407875 0.030462149 -0.999211006 0.025483781 15.622438517 -0.014596908 -0.025937610 -0.999556987 0.845351184 0.000000000 0.000000000 0.000000000 1.000000000 
1606417119028459 0.999523178 -0.020794332 -0.022825689 87.678726323 -0.020182873 -0.999439740 0.026699379 15.579211891 -0.023368097 -0.026225960 -0.999382875 0.809908092 0.000000000 0.000000000 0.000000000 1.000000000 
1606417119277837 0.997083488 -0.071815086 -0.025828513 89.529432919 -0.071070006 -0.997058537 0.028693686 15.439048981 -0.027813179 -0.026774368 -0.999254502 0.766090137 0.000000000 0.000000000 0.000000000 1.000000000 
1606417119528465 0.992001328 -0.125496409 -0.013565244 91.339552728 -0.125018465 -0.991648332 0.031685475 15.206359950 -0.017428365 -0.029736127 -0.999405831 0.726238094 0.000000000 0.000000000 0.000000000 1.000000000 
1606417119778470 0.983012882 -0.183178988 -0.011451299 93.130934722 -0.182696447 -0.982569704 0.034333446 14.870610680 -0.017540866 -0.031658108 -0.999344826 0.695535951 0.000000000 0.000000000 0.000000000 1.000000000 
1606417120029096 0.970228953 -0.241943064 -0.010923968 94.889004617 -0.241355661 -0.969644025 0.039216198 14.438003328 -0.020080447 -0.035412129 -0.999171035 0.682727448 0.000000000 0.000000000 0.000000000 1.000000000 
1606417120279103 0.953446741 -0.301371703 -0.010696167 96.595275757 -0.300782888 -0.952933861 0.038035650 13.890781671 -0.021655608 -0.033047743 -0.999219136 0.655643553 0.000000000 0.000000000 0.000000000 1.000000000 
1606417120529103 0.933607355 -0.357954964 -0.015670065 98.263473883 -0.357122125 -0.933193601 0.040168287 13.248223708 -0.029001642 -0.031905282 -0.999070046 0.644048768 0.000000000 0.000000000 0.000000000 1.000000000 
1606417120779103 0.909698942 -0.414828800 -0.019102387 99.885425743 -0.413598432 -0.909202795 0.047818556 12.520642262 -0.037204458 -0.035599773 -0.998673362 0.608303997 0.000000000 0.000000000 0.000000000 1.000000000 
1606417121028484 0.879929355 -0.474030175 -0.031933103 101.454699933 -0.472218701 -0.880003700 0.051019475 11.680702430 -0.052286019 -0.029814125 -0.998187002 0.575454972 0.000000000 0.000000000 0.000000000 1.000000000 
1606417121278502 0.846214622 -0.532587163 -0.016484156 102.918875359 -0.531108276 -0.845550939 0.054475764 10.759996646 -0.042951286 -0.037343316 -0.998379018 0.530580592 0.000000000 0.000000000 0.000000000 1.000000000 
1606417121527869 0.808657526 -0.588233635 -0.007361772 104.305757820 -0.587244991 -0.807913881 0.049178064 9.731781125 -0.034875869 -0.035445047 -0.998762896 0.504865317 0.000000000 0.000000000 0.000000000 1.000000000 
1606417121777871 0.766852011 -0.641823267 -0.000942122 105.628679994 -0.641030622 -0.765976268 0.048580840 8.621752670 -0.031901956 -0.036650386 -0.998818810 0.494011857 0.000000000 0.000000000 0.000000000 1.000000000 
1606417122027243 0.724558821 -0.689153061 0.009087005 106.870904618 -0.688522807 -0.723180458 0.054280465 7.448547429 -0.030836004 -0.045586000 -0.998484380 0.494807574 0.000000000 0.000000000 0.000000000 1.000000000 
1606417122277874 0.678764147 -0.734126749 0.018361604 108.034437859 -0.733917835 -0.677282808 0.051503487 6.179124767 -0.025374088 -0.048434629 -0.998504002 0.504839874 0.000000000 0.000000000 0.000000000 1.000000000 
1606417122528503 0.638045959 -0.769951551 0.008483172 109.136633543 -0.769573052 -0.637288805 0.040252916 4.800106689 -0.025586565 -0.032211631 -0.999153511 0.530319709 0.000000000 0.000000000 0.000000000 1.000000000 
1606417122778514 0.605884765 -0.795501618 0.008990392 110.170777178 -0.795366374 -0.605460010 0.028469419 3.374052645 -0.017204146 -0.024399843 -0.999554233 0.540868646 0.000000000 0.000000000 0.000000000 1.000000000 
1606417123029142 0.582204177 -0.812936261 0.013150371 111.177489484 -0.812972606 -0.581865637 0.022537159 1.907436412 -0.010669525 -0.023812120 -0.999659514 0.548437078 0.000000000 0.000000000 0.000000000 1.000000000 
1606417123279142 0.564329058 -0.825339210 0.018652141 112.177306075 -0.825436484 -0.563732886 0.029323105 0.425414038 -0.013686683 -0.031944038 -0.999395944 0.564797483 0.000000000 0.000000000 0.000000000 1.000000000 
1606417123529147 0.552524210 -0.833233733 0.020941417 113.171637597 -0.833203917 -0.551489613 0.040378704 -1.084440426 -0.022095924 -0.039758682 -0.998964973 0.588807390 0.000000000 0.000000000 0.000000000 1.000000000 
1606417123779774 0.548071472 -0.836255111 0.017177045 114.176084520 -0.835689926 -0.546605505 0.053336372 -2.623085284 -0.035213746 -0.043586828 -0.998428856 0.613507021 0.000000000 0.000000000 0.000000000 1.000000000 
1606417124029775 0.550514992 -0.834767850 0.009791873 115.190952771 -0.833371870 -0.548826939 0.065424127 -4.176004189 -0.049239914 -0.044177234 -0.997809502 0.632964707 0.000000000 0.000000000 0.000000000 1.000000000 
1606417124279157 0.558836923 -0.829269050 0.003759775 116.210815760 -0.827448833 -0.557297904 0.068901925 -5.740349261 -0.055042919 -0.041615962 -0.997616353 0.638652339 0.000000000 0.000000000 0.000000000 1.000000000 
1606417124529151 0.572097292 -0.820185736 0.000215376 117.250012149 -0.818512913 -0.570913659 0.063985979 -7.318308741 -0.052357426 -0.036782493 -0.997950774 0.635242691 0.000000000 0.000000000 0.000000000 1.000000000 
1606417124779173 0.587729673 -0.809056921 -0.000854646 118.334131056 -0.807451600 -0.586629373 0.062352965 -8.888450892 -0.050948458 -0.035956602 -0.998053795 0.624258031 0.000000000 0.000000000 0.000000000 1.000000000 
1606417125028545 0.603369862 -0.797461392 -0.000371359 119.461969256 -0.795800233 -0.602142918 0.064233136 -10.446617855 -0.051447057 -0.038460810 -0.997934851 0.612072693 0.000000000 0.000000000 0.000000000 1.000000000 
1606417125278543 0.618026486 -0.786127030 -0.006895963 120.647953226 -0.784071220 -0.617001437 0.067391011 -12.012859706 -0.057232714 -0.036242504 -0.997702810 0.597670506 0.000000000 0.000000000 0.000000000 1.000000000 
1606417125527920 0.632967515 -0.774164286 -0.004667222 121.854241093 -0.772287808 -0.631831388 0.066035137 -13.560920173 -0.054070942 -0.038193658 -0.997806383 0.576872853 0.000000000 0.000000000 0.000000000 1.000000000 
1606417125778546 0.647372674 -0.762172487 0.001312384 123.087187556 -0.760885570 -0.646177615 0.059225321 -15.103886627 -0.044291877 -0.039339428 -0.998243777 0.560633625 0.000000000 0.000000000 0.000000000 1.000000000 
1606417126028555 0.661986072 -0.749507316 -0.003636457 124.351833035 -0.748501386 -0.661334425 0.048810383 -16.638799789 -0.038988653 -0.029589901 -0.998801443 0.558695488 0.000000000 0.000000000 0.000000000 1.000000000 
1606417126278559 0.679789902 -0.733403897 0.002100789 125.645610216 -0.732688578 -0.678994557 0.046193494 -18.117108588 -0.032452064 -0.032941094 -0.998930302 0.548970766 0.000000000 0.000000000 0.000000000 1.000000000 
1606417126529181 0.698023131 -0.715970008 0.012274183 126.964255889 -0.715761429 -0.697107370 0.041555882 -19.553702140 -0.021196342 -0.037792354 -0.999060785 0.551407208 0.000000000 0.000000000 0.000000000 1.000000000 
1606417126779194 0.716117596 -0.697955752 0.005775574 128.329724865 -0.697504153 -0.715299862 0.042825963 -20.953822771 -0.025759360 -0.034696913 -0.999065853 0.567568677 0.000000000 0.000000000 0.000000000 1.000000000 
1606417127029197 0.733245808 -0.679959214 0.002460045 129.713122319 -0.679464320 -0.732563912 0.040967699 -22.302548714 -0.026054225 -0.031710907 -0.999157443 0.576072885 0.000000000 0.000000000 0.000000000 1.000000000 
1606417127279201 0.750741536 -0.660526768 0.009567383 131.106591750 -0.660281168 -0.749857853 0.041737024 -23.590384362 -0.020394244 -0.037650880 -0.999082822 0.578768590 0.000000000 0.000000000 0.000000000 1.000000000 
1606417127529203 0.766004649 -0.642831097 0.002248824 132.532872163 -0.642429359 -0.765392302 0.038198736 -24.854555950 -0.022834103 -0.030705120 -0.999267631 0.589466470 0.000000000 0.000000000 0.000000000 1.000000000 
1606417127779204 0.779899275 -0.625903257 0.001494898 133.963346366 -0.625615520 -0.779463660 0.032274199 -26.073655608 -0.019035307 -0.026105856 -0.999477934 0.592555793 0.000000000 0.000000000 0.000000000 1.000000000 
1606417128028583 0.793450464 -0.608509448 0.012353639 135.398774080 -0.608518001 -0.792737043 0.035690663 -27.223495164 -0.011924918 -0.035836185 -0.999286528 0.588245897 0.000000000 0.000000000 0.000000000 1.000000000 
1606417128278594 0.804022997 -0.594468307 -0.012427852 136.887791873 -0.593900977 -0.803916658 0.031617022 -28.381964849 -0.028786275 -0.018039899 -0.999422790 0.605360306 0.000000000 0.000000000 0.000000000 1.000000000 
1606417128528590 0.815043723 -0.579389167 -0.003453022 138.339103599 -0.579118768 -0.814819895 0.026267690 -29.475948603 -0.018032806 -0.019409606 -0.999648981 0.584975196 0.000000000 0.000000000 0.000000000 1.000000000 
1606417128778593 0.826007144 -0.563643653 -0.004246352 139.817310133 -0.563378112 -0.825809220 0.025381796 -30.540391188 -0.017812965 -0.018573243 -0.999668812 0.571838903 0.000000000 0.000000000 0.000000000 1.000000000 
1606417129028601 0.834515549 -0.550951983 -0.005975881 141.309296997 -0.550627568 -0.834316325 0.026936054 -31.565175684 -0.019826247 -0.019188071 -0.999619296 0.563542550 0.000000000 0.000000000 0.000000000 1.000000000 
1606417129279226 0.841520805 -0.540224658 0.000231584 142.790201740 -0.540072985 -0.841274226 0.024059249 -32.564353246 -0.012802574 -0.020371431 -0.999710508 0.549696774 0.000000000 0.000000000 0.000000000 1.000000000 
1606417129529233 0.846862682 -0.531801750 0.003239916 144.274256401 -0.531667851 -0.846476385 0.028408203 -33.528363183 -0.012365020 -0.025780406 -0.999591155 0.548690456 0.000000000 0.000000000 0.000000000 1.000000000 
1606417129779238 0.850907772 -0.525315109 -0.000014026 145.757127321 -0.525055566 -0.850488201 0.031408165 -34.476486331 -0.016511113 -0.026718087 -0.999506642 0.549385160 0.000000000 0.000000000 0.000000000 1.000000000 
1606417130029240 0.853930995 -0.520385597 0.000828058 147.221143778 -0.520074988 -0.853364109 0.035940285 -35.392279479 -0.017996171 -0.031121175 -0.999353596 0.548330610 0.000000000 0.000000000 0.000000000 1.000000000 
1606417130279241 0.857643720 -0.514227557 0.004155623 148.649976617 -0.514010867 -0.856982849 0.037057057 -36.282777785 -0.015494462 -0.033917788 -0.999304511 0.549481656 0.000000000 0.000000000 0.000000000 1.000000000 
1606417130529251 0.865868065 -0.500271112 0.001143993 150.039777214 -0.500046455 -0.865405980 0.032031757 -37.137704714 -0.015034545 -0.028307325 -0.999486197 0.554926320 0.000000000 0.000000000 0.000000000 1.000000000 
1606417130779254 0.881558947 -0.472053942 0.004347381 151.371511962 -0.471982825 -0.881170439 0.027764548 -37.903004143 -0.009275581 -0.026527975 -0.999605037 0.563525563 0.000000000 0.000000000 0.000000000 1.000000000 
1606417131028634 0.905446784 -0.424347884 0.009746468 152.655419114 -0.424447801 -0.905009820 0.028307062 -38.548616634 -0.003191393 -0.029767405 -0.999551758 0.568685596 0.000000000 0.000000000 0.000000000 1.000000000 
1606417131278636 0.930835335 -0.365413349 0.004320090 153.905136145 -0.365392558 -0.930464061 0.026924139 -39.078287214 -0.005818751 -0.026640469 -0.999628145 0.585562804 0.000000000 0.000000000 0.000000000 1.000000000 
1606417131528635 0.956852359 -0.290532449 0.004945666 155.075756045 -0.290566653 -0.956562376 0.023652491 -39.470563613 -0.002140979 -0.024068988 -0.999708007 0.594180712 0.000000000 0.000000000 0.000000000 1.000000000 
1606417131778010 0.980210270 -0.197923327 0.003766060 156.187108733 -0.197959070 -0.980014896 0.019570645 -39.727919198 -0.000182693 -0.019928873 -0.999801384 0.599190348 0.000000000 0.000000000 0.000000000 1.000000000 
1606417132028642 0.995895271 -0.090513016 0.000063166 157.269092140 -0.090495339 -0.995686491 0.020469615 -39.841227881 -0.001789873 -0.020391309 -0.999790473 0.605676550 0.000000000 0.000000000 0.000000000 1.000000000 
1606417132278649 0.999429947 0.033744327 0.001049950 158.292254189 0.033722811 -0.999298839 0.016266595 -39.827392855 0.001598119 -0.016221914 -0.999867139 0.603840116 0.000000000 0.000000000 0.000000000 1.000000000 
1606417132779289 0.947133082 0.320810345 -0.004432533 160.169171972 0.320837198 -0.947098519 0.008239353 -39.375227222 -0.001554776 -0.009225885 -0.999956232 0.596641860 0.000000000 0.000000000 0.000000000 1.000000000 
1606417133279914 0.790694906 0.612183266 -0.005763196 161.689853199 0.612210367 -0.790657041 0.007740165 -38.380488595 0.000181688 -0.009648397 -0.999953437 0.578402480 0.000000000 0.000000000 0.000000000 1.000000000 
1606417133779922 0.523618757 0.851852536 -0.013063452 162.712016589 0.851943052 -0.523624232 0.003271128 -36.983120889 -0.004053821 -0.012842141 -0.999909319 0.558870116 0.000000000 0.000000000 0.000000000 1.000000000 
1606417134279918 0.170084495 0.985203811 -0.021088283 163.123867406 0.985375901 -0.170259459 -0.006786027 -35.365934472 -0.010276099 -0.019625688 -0.999754587 0.525684284 0.000000000 0.000000000 0.000000000 1.000000000 
1606417134779934 -0.213282913 0.976687624 -0.024324539 162.892127537 0.976918251 0.212898293 -0.017465587 -33.695617673 -0.011879770 -0.027488197 -0.999551534 0.481731761 0.000000000 0.000000000 0.000000000 1.000000000 
1606417135279933 -0.586258193 0.809987779 -0.014870436 162.004515034 0.809794706 0.585397443 -0.039272984 -32.140010030 -0.023105522 -0.035066109 -0.999117862 0.436710778 0.000000000 0.000000000 0.000000000 1.000000000 
1606417135779944 -0.823285654 0.567612899 0.004040808 160.447811017 0.567217926 0.822941387 -0.032113822 -30.903319617 -0.021553568 -0.024146831 -0.999476050 0.401100456 0.000000000 0.000000000 0.000000000 1.000000000 
1606417136030576 -0.890602061 0.454782815 0.000748299 159.481203322 0.454525918 0.890151932 -0.032182731 -30.391335133 -0.015302253 -0.028321885 -0.999481722 0.398150523 0.000000000 0.000000000 0.000000000 1.000000000 
1606417136280616 -0.934138681 0.356909790 0.000571961 158.427931945 0.356700167 0.933642614 -0.032809457 -29.966508116 -0.012244024 -0.030444565 -0.999461461 0.391058586 0.000000000 0.000000000 0.000000000 1.000000000 
1606417136530582 -0.960942496 0.276637242 0.007833003 157.306504289 0.276357180 0.960704512 -0.025952846 -29.634529358 -0.014704725 -0.022774486 -0.999632479 0.387376685 0.000000000 0.000000000 0.000000000 1.000000000 
1606417136780580 -0.977253716 0.211508988 0.015463609 156.124730280 0.211133421 0.977189867 -0.022861372 -29.356707164 -0.019946267 -0.019076476 -0.999619045 0.382543903 0.000000000 0.000000000 0.000000000 1.000000000 
1606417137030592 -0.984965155 0.172522475 0.008924072 154.863622359 0.172407129 0.984947786 -0.012395172 -29.133961945 -0.010928191 -0.010670239 -0.999883354 0.389763675 0.000000000 0.000000000 0.000000000 1.000000000 
1606417137280589 -0.988161928 0.153203291 0.008047153 153.571011273 0.153105525 0.988141555 -0.011617447 -28.912559016 -0.009731557 -0.010247856 -0.999900134 0.396520295 0.000000000 0.000000000 0.000000000 1.000000000 
1606417137530593 -0.988623704 0.149450819 0.016959484 152.253423434 0.149052385 0.988567920 -0.022734429 -28.665207776 -0.020163280 -0.019947944 -0.999597680 0.395029721 0.000000000 0.000000000 0.000000000 1.000000000 
1606417137779972 -0.988555777 0.149786424 0.017930492 150.878265452 0.149430095 0.988574065 -0.019798110 -28.437765783 -0.020691107 -0.016892181 -0.999643202 0.404999095 0.000000000 0.000000000 0.000000000 1.000000000 
1606417138029978 -0.988250698 0.152513588 0.010008206 149.446244986 0.152282078 0.988117526 -0.020830826 -28.186077725 -0.013066268 -0.019062007 -0.999732921 0.416187070 0.000000000 0.000000000 0.000000000 1.000000000 
1606417138279984 -0.986777480 0.161671431 0.011513162 147.986925171 0.161626939 0.986840731 -0.004701497 -27.956090108 -0.012121755 -0.002778494 -0.999922669 0.426585902 0.000000000 0.000000000 0.000000000 1.000000000 
1606417138529987 -0.982942191 0.182602538 0.021930871 146.515515583 0.182657858 0.983176397 0.000529348 -27.673438423 -0.021465254 0.004526164 -0.999759349 0.430401656 0.000000000 0.000000000 0.000000000 1.000000000 
1606417138779986 -0.976684389 0.214139197 0.015231855 144.992969436 0.214151560 0.976800089 -0.000833901 -27.322644413 -0.015057048 0.002447468 -0.999883641 0.448312730 0.000000000 0.000000000 0.000000000 1.000000000 
1606417139029365 -0.967902503 0.251136288 0.009762714 143.461612916 0.251090992 0.967947072 -0.005637272 -26.898377484 -0.010865514 -0.003005000 -0.999936453 0.464169312 0.000000000 0.000000000 0.000000000 1.000000000 
1606417139279371 -0.956121707 0.292694766 0.012690729 141.935309249 0.292535251 0.956165873 -0.013036501 -26.398398883 -0.015950158 -0.008751996 -0.999834484 0.467438612 0.000000000 0.000000000 0.000000000 1.000000000 
1606417139529375 -0.941584538 0.336439178 0.015074360 140.411176475 0.336215375 0.941656249 -0.015579845 -25.834150718 -0.019436536 -0.009601510 -0.999764988 0.478650358 0.000000000 0.000000000 0.000000000 1.000000000 
1606417139779379 -0.923657671 0.382938092 0.014660327 138.892945036 0.382572468 0.923645894 -0.022728146 -25.174430473 -0.022244424 -0.015384389 -0.999634186 0.490090253 0.000000000 0.000000000 0.000000000 1.000000000 
1606417140029377 -0.903670814 0.428141978 0.008573577 137.369814871 0.427893607 0.903575400 -0.021413970 -24.439356427 -0.016915093 -0.015682601 -0.999733932 0.501140262 0.000000000 0.000000000 0.000000000 1.000000000 
1606417140278756 -0.881364014 0.472386091 0.006989679 135.866006461 0.472197988 0.881291554 -0.018821732 -23.624225613 -0.015051069 -0.013288285 -0.999798423 0.501808074 0.000000000 0.000000000 0.000000000 1.000000000 
1606417140528763 -0.857116113 0.515059511 0.008103608 134.374659495 0.514921962 0.857114900 -0.014471407 -22.723487016 -0.014399359 -0.008230951 -0.999862445 0.501768226 0.000000000 0.000000000 0.000000000 1.000000000 
1606417140778771 -0.831814419 0.555008579 0.007088689 132.901810943 0.554833233 0.831776033 -0.017570287 -21.720498910 -0.015647861 -0.010682178 -0.999820502 0.498486689 0.000000000 0.000000000 0.000000000 1.000000000 
1606417141028147 -0.803717560 0.595009228 -0.001450022 131.449496503 0.594893318 0.803507755 -0.021845550 -20.620038119 -0.011833200 -0.018420261 -0.999760306 0.499004595 0.000000000 0.000000000 0.000000000 1.000000000 
1606417141278764 -0.772336843 0.635206903 0.002827024 130.054978142 0.634837416 0.772025363 -0.030956342 -19.432488401 -0.021846216 -0.022114022 -0.999516740 0.484172630 0.000000000 0.000000000 0.000000000 1.000000000 
1606417141529394 -0.739490505 0.673166467 -0.000836848 128.684486695 0.672915224 0.739179370 -0.028265891 -18.173070705 -0.018409069 -0.021465485 -0.999600090 0.476716779 0.000000000 0.000000000 0.000000000 1.000000000 
1606417141779402 -0.706241222 0.707884666 0.011074081 127.389850224 0.707505375 0.706257491 -0.025228986 -16.866514292 -0.025680365 -0.009982778 -0.999620359 0.468649619 0.000000000 0.000000000 0.000000000 1.000000000 
1606417142029407 -0.675642327 0.737048951 0.016318382 126.123220068 0.737041590 0.675804383 -0.007624364 -15.511485871 -0.016647563 0.006875983 -0.999837777 0.483289056 0.000000000 0.000000000 0.000000000 1.000000000 
1606417142280032 -0.644575359 0.764505613 0.007333118 124.916606991 0.764443373 0.644616693 -0.009779993 -14.059680110 -0.012203910 -0.000698190 -0.999925286 0.498739398 0.000000000 0.000000000 0.000000000 1.000000000 
1606417142529415 -0.618560192 0.785707833 0.006818359 123.779408803 0.785627919 0.618595571 -0.011326607 -12.579546129 -0.013117210 -0.001649495 -0.999912605 0.507936945 0.000000000 0.000000000 0.000000000 1.000000000 
1606417142778787 -0.597519196 0.801699537 0.015769026 122.713429158 0.801305891 0.597722239 -0.025238747 -11.060766259 -0.029659389 -0.002444822 -0.999557074 0.508815127 0.000000000 0.000000000 0.000000000 1.000000000 
1606417143028798 -0.582278721 0.812980356 0.003798969 121.636748233 0.812617724 0.582147535 -0.027507840 -9.497292082 -0.024574894 -0.012930121 -0.999614369 0.527274258 0.000000000 0.000000000 0.000000000 1.000000000 
1606417143278798 -0.568561526 0.822592454 0.008913249 120.600916398 0.822072160 0.568537974 -0.031015106 -7.933324296 -0.030580313 -0.010306663 -0.999479173 0.526022159 0.000000000 0.000000000 0.000000000 1.000000000 
1606417143528806 -0.558652483 0.829366927 0.007609401 119.568901825 0.828877202 0.558601884 -0.030438787 -6.345634195 -0.029495549 -0.010697445 -0.999507667 0.530762270 0.000000000 0.000000000 0.000000000 1.000000000 
1606417143778809 -0.552605587 0.833432124 0.004237913 118.548274726 0.832937387 0.552440346 -0.032015199 -4.736355852 -0.029023690 -0.014161862 -0.999478398 0.534215347 0.000000000 0.000000000 0.000000000 1.000000000 
1606417144028826 -0.551990005 0.833844473 0.003229334 117.527476391 0.833339192 0.551782878 -0.032885363 -3.120141606 -0.029203169 -0.015461261 -0.999453913 0.531268721 0.000000000 0.000000000 0.000000000 1.000000000 
1606417144278826 -0.560421034 0.828206323 0.001597126 116.499517395 0.827531266 0.560040095 -0.039333133 -1.494631540 -0.033470404 -0.020721444 -0.999224877 0.524955929 0.000000000 0.000000000 0.000000000 1.000000000 
1606417144528818 -0.576499884 0.817097138 -0.000389127 115.430248509 0.816426943 0.576007614 -0.040771005 0.115440842 -0.033089731 -0.023822173 -0.999168441 0.518487833 0.000000000 0.000000000 0.000000000 1.000000000 
1606417144778822 -0.599062789 0.800701072 -0.001252513 114.325481043 0.799833411 0.598339320 -0.047503396 1.708659427 -0.037286592 -0.029459318 -0.998870291 0.507373133 0.000000000 0.000000000 0.000000000 1.000000000 
1606417145029446 -0.626498054 0.779422931 0.000287878 113.157256104 0.778509424 0.625781572 -0.048171586 3.262136411 -0.037726188 -0.029955290 -0.998839034 0.496691436 0.000000000 0.000000000 0.000000000 1.000000000 
1606417145278830 -0.653761326 0.756684543 -0.004962946 111.932950013 0.755928985 0.652784288 -0.049437264 4.773036682 -0.034168681 -0.036071806 -0.998764900 0.489131271 0.000000000 0.000000000 0.000000000 1.000000000 
1606417145528832 -0.685174707 0.728347830 -0.006712612 110.656660967 0.727571446 0.683952430 -0.053374757 6.238544291 -0.034284281 -0.041454938 -0.998551990 0.469363751 0.000000000 0.000000000 0.000000000 1.000000000 
1606417145778837 -0.720663567 0.693227892 -0.008894526 109.307911771 0.692627469 0.719362254 -0.052774396 7.634421913 -0.030186296 -0.044193178 -0.998566848 0.452616780 0.000000000 0.000000000 0.000000000 1.000000000 
1606417146028843 -0.757841213 0.652349596 0.010802771 107.914743502 0.651008825 0.757172015 -0.053647453 8.925925925 -0.043176450 -0.033623552 -0.998501503 0.438563729 0.000000000 0.000000000 0.000000000 1.000000000 
1606417146278844 -0.795135935 0.606382817 0.007663225 106.420773755 0.605358125 0.794416948 -0.049429276 10.147399270 -0.036060860 -0.034663998 -0.998748227 0.453466870 0.000000000 0.000000000 0.000000000 1.000000000 
1606417146528849 -0.833847752 0.551728706 0.017127772 104.890273238 0.550101302 0.833155411 -0.056926429 11.273334520 -0.045678041 -0.038045966 -0.998231447 0.467846134 0.000000000 0.000000000 0.000000000 1.000000000 
1606417146778853 -0.871070734 0.490149476 0.031452639 103.285351458 0.488530376 0.871247677 -0.047597873 12.246053480 -0.050733112 -0.026095544 -0.998371261 0.501540527 0.000000000 0.000000000 0.000000000 1.000000000 
1606417147029477 -0.903463261 0.427719044 0.028470262 101.612812832 0.426026127 0.903276743 -0.050920178 13.132633353 -0.047496056 -0.033875434 -0.998296839 0.549084615 0.000000000 0.000000000 0.000000000 1.000000000 
1606417147279486 -0.931216133 0.363723735 0.023271390 99.880328884 0.362577355 0.930990856 -0.042351962 13.882028586 -0.037069865 -0.031001151 -0.998831694 0.593072053 0.000000000 0.000000000 0.000000000 1.000000000 
1606417147530107 -0.952015026 0.305410330 0.019796957 98.095862431 0.304294669 0.951488975 -0.045535527 14.536110139 -0.032743606 -0.037326397 -0.998766537 0.624345188 0.000000000 0.000000000 0.000000000 1.000000000 
1606417147779491 -0.969048404 0.246306106 0.016688106 96.261621459 0.245675854 0.968795003 -0.032857517 15.051931347 -0.024260361 -0.027740660 -0.999320715 0.650124433 0.000000000 0.000000000 0.000000000 1.000000000 
1606417148029491 -0.981965598 0.187868108 0.021192881 94.396680993 0.187033893 0.981686891 -0.036182462 15.490424725 -0.027602304 -0.031566146 -0.999120459 0.671738645 0.000000000 0.000000000 0.000000000 1.000000000 
1606417148279488 -0.991503077 0.128536205 0.020002291 92.480859347 0.127896963 0.991318374 -0.030499976 15.801953718 -0.023748989 -0.027682588 -0.999334609 0.700164849 0.000000000 0.000000000 0.000000000 1.000000000 
1606417148529496 -0.997206251 0.069204947 0.028113477 90.554097178 0.068261673 0.997113851 -0.033231191 16.020078303 -0.030332100 -0.031219278 -0.999052211 0.731623505 0.000000000 0.000000000 0.000000000 1.000000000 
1606417148779505 -0.999379313 0.011091825 0.033435912 88.603018189 0.010051411 0.999464935 -0.031125743 16.110217598 -0.033763263 -0.030770345 -0.998956069 0.776557655 0.000000000 0.000000000 0.000000000 1.000000000 
1606417149029509 -0.998914315 -0.041530356 0.021104992 86.610864143 -0.041938701 0.998933980 -0.019288581 16.074076758 -0.020281432 -0.020152755 -0.999591181 0.828798961 0.000000000 0.000000000 0.000000000 1.000000000 
1606417149279513 -0.995830076 -0.089303893 0.018635300 84.623670339 -0.089644810 0.995804959 -0.018338260 15.957566661 -0.016919446 -0.019932349 -0.999658158 0.858035288 0.000000000 0.000000000 0.000000000 1.000000000 
1606417149529515 -0.991167192 -0.131365443 0.018185652 82.634693259 -0.131592988 0.991231998 -0.011933661 15.748886314 -0.016458530 -0.014221358 -0.999763407 0.891343118 0.000000000 0.000000000 0.000000000 1.000000000 
1606417149778886 -0.985369676 -0.167859386 0.029492844 80.664848489 -0.168165546 0.985724588 -0.008208948 15.466642659 -0.027693873 -0.013048528 -0.999531283 0.917628527 0.000000000 0.000000000 0.000000000 1.000000000 
1606417150028276 -0.980485803 -0.195505146 0.020623500 78.654672111 -0.195718848 0.980619753 -0.008890019 15.123534814 -0.018485767 -0.012752945 -0.999747788 0.962259231 0.000000000 0.000000000 0.000000000 1.000000000 
1606417150278278 -0.975118663 -0.220314073 0.024602885 76.658436275 -0.220348463 0.975420301 0.001338106 14.705518403 -0.024292958 -0.004116396 -0.999696408 0.993340052 0.000000000 0.000000000 0.000000000 1.000000000 
1606417150528907 -0.970753056 -0.237917381 0.032153141 74.655943712 -0.237851840 0.971283505 0.005903868 14.257521718 -0.032634448 -0.001916486 -0.999465517 1.032856432 0.000000000 0.000000000 0.000000000 1.000000000 
1606417150779533 -0.967592766 -0.251471605 0.022940589 72.619232854 -0.251366085 0.967863645 0.007419993 13.773490974 -0.024069279 0.001413045 -0.999709294 1.085790413 0.000000000 0.000000000 0.000000000 1.000000000 
1606417151029531 -0.964995007 -0.261600214 0.018707355 70.587926717 -0.261523793 0.965175382 0.006464407 13.272034416 -0.019746969 0.001345702 -0.999804104 1.119489496 0.000000000 0.000000000 0.000000000 1.000000000 
1606417151279535 -0.963444431 -0.267649925 0.011762019 68.549931904 -0.267535456 0.963491401 0.010445142 12.740329053 -0.014128246 0.006916557 -0.999876269 1.144160386 0.000000000 0.000000000 0.000000000 1.000000000 
1606417151529549 -0.962701534 -0.270437509 0.008325245 66.501933183 -0.270383044 0.962726565 0.007111249 12.213150879 -0.009938083 0.004595005 -0.999940058 1.156241542 0.000000000 0.000000000 0.000000000 1.000000000 
1606417151779547 -0.962482689 -0.271060484 0.012380966 64.458714268 -0.270897051 0.962514907 0.013410483 11.665746918 -0.015551917 0.009553391 -0.999833421 1.165394732 0.000000000 0.000000000 0.000000000 1.000000000 
1606417152029548 -0.962894294 -0.269603238 0.012193096 62.400728302 -0.269367319 0.962868252 0.018054834 11.117832774 -0.016607987 0.014100475 -0.999762648 1.181814077 0.000000000 0.000000000 0.000000000 1.000000000 
1606417152279555 -0.963080507 -0.268715385 0.016370088 60.347355328 -0.268423248 0.963132219 0.018035760 10.583098208 -0.020613045 0.012975776 -0.999703322 1.201807682 0.000000000 0.000000000 0.000000000 1.000000000 
1606417152528934 -0.964002796 -0.265688957 0.010391669 58.288950977 -0.265512611 0.963978802 0.015745581 10.056172859 -0.014200775 0.012419665 -0.999822029 1.227035205 0.000000000 0.000000000 0.000000000 1.000000000 
1606417152778937 -0.965692809 -0.259464968 0.010739086 56.237545346 -0.259356832 0.965724579 0.010491511 9.552628409 -0.013093179 0.007346322 -0.999887294 1.242604006 0.000000000 0.000000000 0.000000000 1.000000000 
1606417153028939 -0.967299270 -0.253636348 0.000852252 54.168953507 -0.253629324 0.967288999 0.004915019 9.059037041 -0.002071001 0.004538139 -0.999987558 1.253760191 0.000000000 0.000000000 0.000000000 1.000000000 
1606417153278941 -0.967916504 -0.251135013 0.008297400 52.126918270 -0.251153644 0.967946402 -0.001268532 8.579210161 -0.007712866 -0.003311755 -0.999964771 1.250771427 0.000000000 0.000000000 0.000000000 1.000000000 
