1606847188157776 0.816175048 -0.577791861 0.003854319 -4.318759337 0.577343453 0.815771836 0.034508673 0.052690267 -0.023083076 -0.025939852 0.999396966 0.025194207 0.000000000 0.000000000 0.000000000 1.000000000 
1606847194898499 0.785707548 -0.618585528 0.003948891 -3.000701964 0.618108430 0.785323515 0.034769884 0.239243474 -0.024609304 -0.024878118 0.999387543 0.048869837 0.000000000 0.000000000 0.000000000 1.000000000 
1606847195624329 0.749342465 -0.662179193 0.002141824 -1.512209994 0.661866025 0.749080251 0.028498114 0.368289295 -0.020475256 -0.019937247 0.999591552 0.071296748 0.000000000 0.000000000 0.000000000 1.000000000 
1606847196142700 0.732430703 -0.680840632 -0.001139711 -0.118740592 0.680633132 0.732164009 0.025969284 0.440615283 -0.016846488 -0.019796426 0.999662092 0.086882446 0.000000000 0.000000000 0.000000000 1.000000000 
1606847196661133 0.725770680 -0.687936421 -0.000633094 1.513934928 0.687752598 0.725554843 0.023801966 0.511270231 -0.015914895 -0.017710181 0.999716493 0.099738819 0.000000000 0.000000000 0.000000000 1.000000000 
1606847197179749 0.731212353 -0.682107250 0.007628556 3.368002607 0.681944822 0.731221009 0.016343095 0.621007256 -0.016725904 -0.006748019 0.999837341 0.111704686 0.000000000 0.000000000 0.000000000 1.000000000 
1606847197698486 0.742908362 -0.669095843 0.019947871 5.421794141 0.669042785 0.743153785 0.010208013 0.774128570 -0.021654475 0.005762361 0.999748908 0.134097645 0.000000000 0.000000000 0.000000000 1.000000000 
1606847197905945 0.747447401 -0.663709031 0.028507983 6.278552481 0.663698632 0.747916366 0.011190879 0.850323783 -0.028749074 0.010556116 0.999530920 0.140301094 0.000000000 0.000000000 0.000000000 1.000000000 
1606847198217102 0.754425623 -0.655460650 0.034832690 7.617895944 0.655701018 0.754999878 0.005599955 0.983715570 -0.029969226 0.018615081 0.999377468 0.162942829 0.000000000 0.000000000 0.000000000 1.000000000 
1606847198424561 0.759306818 -0.649710487 0.036461475 8.536756360 0.649978351 0.759932328 0.005567805 1.074810680 -0.031325715 0.019471497 0.999319549 0.184893761 0.000000000 0.000000000 0.000000000 1.000000000 
1606847198631836 0.764468237 -0.643444718 0.039587995 9.473287088 0.643622847 0.765280545 0.009763093 1.170364689 -0.036577933 0.018016164 0.999168391 0.202948643 0.000000000 0.000000000 0.000000000 1.000000000 
1606847198942871 0.771044150 -0.635055439 0.046856249 10.923740300 0.635213685 0.772221095 0.013347423 1.341446031 -0.044659737 0.019472278 0.998812464 0.239482794 0.000000000 0.000000000 0.000000000 1.000000000 
1606847199150208 0.775072438 -0.630415531 0.042883258 11.938656884 0.630495250 0.776078349 0.013346785 1.460004962 -0.041694789 0.016692965 0.998990936 0.266000610 0.000000000 0.000000000 0.000000000 1.000000000 
1606847199461426 0.780562410 -0.623862535 0.038959741 13.516603373 0.624172966 0.781269520 0.005103437 1.666679543 -0.033621901 0.020334066 0.999227749 0.317078065 0.000000000 0.000000000 0.000000000 1.000000000 
1606847199668823 0.782967241 -0.620374020 0.045808028 14.574970362 0.620256678 0.784181798 0.018454287 1.799840908 -0.047370382 0.013963633 0.998779787 0.344063200 0.000000000 0.000000000 0.000000000 1.000000000 
1606847199876282 0.785076400 -0.617511571 0.048316728 15.673431569 0.617245435 0.786462067 0.022033847 1.950962011 -0.051605429 0.012525026 0.998589006 0.363325411 0.000000000 0.000000000 0.000000000 1.000000000 
1606847200187439 0.789191050 -0.612949994 0.038337867 17.386006976 0.613005414 0.789992478 0.011672484 2.196275937 -0.037441276 0.014289501 0.999196658 0.444542746 0.000000000 0.000000000 0.000000000 1.000000000 
1606847200394776 0.790053089 -0.611666029 0.040997384 18.538733302 0.611516219 0.791036902 0.017565118 2.359688558 -0.043174430 0.011193189 0.999004845 0.466346452 0.000000000 0.000000000 0.000000000 1.000000000 
1606847200705933 0.791374330 -0.610287574 0.035717588 20.334358554 0.610262168 0.792094896 0.012874843 2.621620204 -0.036149076 0.011608272 0.999278986 0.523555990 0.000000000 0.000000000 0.000000000 1.000000000 
1606847200913269 0.791860222 -0.609732723 0.034400518 21.557969606 0.609683214 0.792536487 0.013126121 2.800781575 -0.035267091 0.010579365 0.999321925 0.553578242 0.000000000 0.000000000 0.000000000 1.000000000 
1606847201224243 0.793792244 -0.607214216 0.034420479 23.440722399 0.607188791 0.794461064 0.012385055 3.083108210 -0.034866112 0.011068569 0.999330697 0.600981149 0.000000000 0.000000000 0.000000000 1.000000000 
1606847201431641 0.797035729 -0.602995893 0.033615459 24.723432652 0.602888091 0.797695849 0.014397307 3.278429465 -0.035496429 0.008791192 0.999331136 0.630704709 0.000000000 0.000000000 0.000000000 1.000000000 
1606847201638977 0.799851436 -0.599455936 0.029837254 26.025823691 0.599316697 0.800382467 0.014401463 3.482167351 -0.032514258 0.006362934 0.999451017 0.663598116 0.000000000 0.000000000 0.000000000 1.000000000 
1606847201950012 0.804535793 -0.593221707 0.028463377 27.991752275 0.592997240 0.805031703 0.016680256 3.803135467 -0.032809011 0.003458841 0.999455654 0.713549723 0.000000000 0.000000000 0.000000000 1.000000000 
1606847202157410 0.809269198 -0.587081393 0.020464664 29.313060191 0.586643371 0.809495335 0.023808755 4.014919244 -0.030543727 -0.007262233 0.999507049 0.735932503 0.000000000 0.000000000 0.000000000 1.000000000 
1606847202468567 0.815889810 -0.578143635 0.008588059 31.326758676 0.578158575 0.815923949 0.000878857 4.400171139 -0.007515308 0.004248209 0.999962736 0.784975458 0.000000000 0.000000000 0.000000000 1.000000000 
1606847202676087 0.819165989 -0.573163275 0.021235396 32.635575852 0.573164874 0.819413367 0.006615278 4.660562540 -0.021192202 0.006752373 0.999752617 0.791079118 0.000000000 0.000000000 0.000000000 1.000000000 
1606847202883606 0.823287963 -0.567062531 0.025239194 33.963188879 0.567011968 0.823651145 0.009809141 4.928114202 -0.026350688 0.006235177 0.999633315 0.800905272 0.000000000 0.000000000 0.000000000 1.000000000 
1606847203194763 0.828622538 -0.559632429 0.014008349 36.006131707 0.559802406 0.828464283 -0.016376773 5.377989733 -0.002440444 0.021412071 0.999767757 0.831976843 0.000000000 0.000000000 0.000000000 1.000000000 
1606847203402161 0.833930713 -0.551774136 0.010240554 37.352040181 0.551784508 0.833984232 0.002038993 5.641972585 -0.009665525 0.003950200 0.999945485 0.830486318 0.000000000 0.000000000 0.000000000 1.000000000 
1606847203713257 0.839967031 -0.542080229 0.024584811 39.386149423 0.542247495 0.840218797 -0.000163536 6.123488911 -0.020567971 0.013468417 0.999697734 0.839083518 0.000000000 0.000000000 0.000000000 1.000000000 
1606847203920654 0.842585574 -0.538341567 0.015424261 40.781211116 0.538451089 0.842648213 -0.003796614 6.447912263 -0.010953350 0.011504182 0.999873831 0.853821236 0.000000000 0.000000000 0.000000000 1.000000000 
1606847204128052 0.844927207 -0.534633112 0.016292654 42.176114848 0.534790344 0.844953261 -0.007298958 6.794234081 -0.009864266 0.014880243 0.999840625 0.857881489 0.000000000 0.000000000 0.000000000 1.000000000 
1606847204439209 0.846034986 -0.532898521 0.015619510 44.292707981 0.533001090 0.846109144 -0.003025649 7.306364527 -0.011603447 0.010885021 0.999873430 0.858376203 0.000000000 0.000000000 0.000000000 1.000000000 
1606847204646607 0.846394388 -0.532414303 0.012310567 45.721961766 0.532504210 0.846409226 -0.005539696 7.656458624 -0.007470365 0.011244196 0.999908877 0.863900748 0.000000000 0.000000000 0.000000000 1.000000000 
1606847204957764 0.845987896 -0.533017122 0.014043739 47.869361088 0.533148761 0.845982347 -0.008140475 8.187839120 -0.007541742 0.014374146 0.999868244 0.862038457 0.000000000 0.000000000 0.000000000 1.000000000 
1606847205165100 0.846032851 -0.532978254 0.012751296 49.305956260 0.533080560 0.846039414 -0.006513550 8.538462413 -0.007316519 0.012308146 0.999897484 0.858482831 0.000000000 0.000000000 0.000000000 1.000000000 
1606847205372437 0.846383984 -0.532568542 0.002213277 50.761171902 0.532570050 0.846357603 -0.006924636 8.881473264 0.001814620 0.007039626 0.999973575 0.856224065 0.000000000 0.000000000 0.000000000 1.000000000 
1606847205683533 0.849079457 -0.528155258 0.010774934 52.917499667 0.528194598 0.849122791 -0.000975988 9.420709535 -0.008633769 0.006519953 0.999941472 0.844088726 0.000000000 0.000000000 0.000000000 1.000000000 
1606847205890808 0.849739415 -0.527131620 0.008670790 54.368372758 0.527134116 0.849779306 0.002180565 9.779382019 -0.008517703 0.002717757 0.999960030 0.843530403 0.000000000 0.000000000 0.000000000 1.000000000 
1606847206201965 0.851415655 -0.524484592 -0.002700774 56.571307075 0.524474997 0.851418408 -0.003559742 10.331272096 0.004166518 0.001614332 0.999990017 0.843282940 0.000000000 0.000000000 0.000000000 1.000000000 
1606847206409363 0.851781039 -0.523866213 -0.005766467 58.035433576 0.523871987 0.851796810 -0.000579681 10.697465059 0.005215533 -0.002527129 0.999983206 0.831254879 0.000000000 0.000000000 0.000000000 1.000000000 
1606847206720520 0.850886326 -0.525155437 -0.014290790 60.243443307 0.525193570 0.850981888 -0.001241241 11.249198659 0.012813048 -0.006449276 0.999897111 0.807363578 0.000000000 0.000000000 0.000000000 1.000000000 
1606847206928040 0.849725498 -0.527151358 -0.008833037 61.701541154 0.527187862 0.849745620 0.002310793 11.618630710 0.006287697 -0.006620210 0.999958318 0.788372612 0.000000000 0.000000000 0.000000000 1.000000000 
1606847207135376 0.848426614 -0.529305688 -0.002787512 63.161609447 0.529305825 0.848430777 -0.000748584 11.993003801 0.002761241 -0.000840327 0.999995835 0.773013692 0.000000000 0.000000000 0.000000000 1.000000000 
1606847207446472 0.846133842 -0.532968557 0.001427607 65.352417011 0.532968030 0.846118831 -0.005291689 12.543666892 0.001612379 0.005238346 0.999984980 0.760472150 0.000000000 0.000000000 0.000000000 1.000000000 
1606847207653748 0.844887771 -0.534915789 0.005454597 66.799342509 0.534935494 0.844887178 -0.003110261 12.896453317 -0.002944791 0.005545679 0.999980287 0.750300528 0.000000000 0.000000000 0.000000000 1.000000000 
1606847207964844 0.842869287 -0.538091475 -0.005378627 68.981682271 0.538034204 0.842872139 -0.009260235 13.411285012 0.009516349 0.004911283 0.999942658 0.741135853 0.000000000 0.000000000 0.000000000 1.000000000 
1606847208172363 0.841695917 -0.539916380 -0.006187594 70.422616121 0.539803033 0.841677723 -0.013831026 13.755484993 0.012675557 0.008301436 0.999885202 0.721260776 0.000000000 0.000000000 0.000000000 1.000000000 
1606847208379761 0.839939997 -0.542603660 -0.009059228 71.857751648 0.542464182 0.839960045 -0.014132741 14.086419202 0.015277866 0.006956348 0.999859088 0.696087451 0.000000000 0.000000000 0.000000000 1.000000000 
1606847208690979 0.835732754 -0.549062431 -0.009011668 74.004416949 0.548839315 0.835707886 -0.019176423 14.578616035 0.018060175 0.011080407 0.999775502 0.652701285 0.000000000 0.000000000 0.000000000 1.000000000 
1606847208898438 0.830889856 -0.556313074 -0.011739262 75.435093737 0.556072874 0.830924465 -0.018641136 14.884192519 0.020124748 0.008960846 0.999757319 0.619395505 0.000000000 0.000000000 0.000000000 1.000000000 
1606847209209534 0.820517626 -0.571620913 0.000597212 77.558541444 0.571551447 0.820400694 -0.016481633 15.325769245 0.008931293 0.013864808 0.999863990 0.571393324 0.000000000 0.000000000 0.000000000 1.000000000 
1606847209417053 0.808694133 -0.588218162 0.003632116 78.987303171 0.588148632 0.808465409 -0.021560831 15.588930569 0.009746032 0.019572342 0.999760941 0.552770801 0.000000000 0.000000000 0.000000000 1.000000000 
1606847209624512 0.795842205 -0.605497815 0.002753507 80.424925230 0.605315205 0.795472164 -0.028592626 15.821577500 0.015122434 0.024421958 0.999587355 0.530549490 0.000000000 0.000000000 0.000000000 1.000000000 
1606847209935669 0.766741380 -0.641928957 0.005905164 82.574609461 0.641826625 0.766369531 -0.027135330 16.081108725 0.012893417 0.024595871 0.999614327 0.486503896 0.000000000 0.000000000 0.000000000 1.000000000 
1606847210143067 0.742626786 -0.669567440 0.013597801 84.007042848 0.669683307 0.742283794 -0.023217183 16.195448753 0.005452043 0.026347922 0.999637966 0.457596022 0.000000000 0.000000000 0.000000000 1.000000000 
1606847210454041 0.704734823 -0.709383746 0.011114446 86.199485618 0.709205822 0.703957027 -0.038361528 16.271992788 0.019388952 0.034917134 0.999202113 0.438170702 0.000000000 0.000000000 0.000000000 1.000000000 
1606847210661438 0.674795854 -0.737928297 0.010601107 87.659362221 0.737725985 0.674077089 -0.037154395 16.240640389 0.020271316 0.032892344 0.999253305 0.400866069 0.000000000 0.000000000 0.000000000 1.000000000 
1606847210972412 0.627392653 -0.778623800 0.011110189 89.860453552 0.778330078 0.626586773 -0.039891169 16.080633792 0.024098716 0.033674820 0.999142261 0.352273702 0.000000000 0.000000000 0.000000000 1.000000000 
1606847211179749 0.592540531 -0.805314577 0.019082743 91.315532913 0.805382571 0.591788737 -0.033837928 15.896276407 0.015957224 0.035419253 0.999245137 0.319827672 0.000000000 0.000000000 0.000000000 1.000000000 
1606847211387207 0.557152114 -0.830169121 0.020018805 92.778515131 0.830272259 0.556457714 -0.031666846 15.644207558 0.015149219 0.034264309 0.999297983 0.294404561 0.000000000 0.000000000 0.000000000 1.000000000 
1606847211698364 0.500624469 -0.865223742 0.027622772 94.967518530 0.865408386 0.499445214 -0.040284043 15.163144494 0.021058649 0.044072157 0.998806377 0.268740359 0.000000000 0.000000000 0.000000000 1.000000000 
1606847211905823 0.460054721 -0.887443898 0.028159938 96.404066594 0.887642329 0.458944817 -0.038219770 14.748656736 0.020994044 0.042579139 0.998872498 0.247794667 0.000000000 0.000000000 0.000000000 1.000000000 
1606847212216980 0.392102347 -0.919345248 0.032558616 98.538521485 0.919327434 0.390331735 -0.049781573 14.010317247 0.033057791 0.049451500 0.998229298 0.222862045 0.000000000 0.000000000 0.000000000 1.000000000 
1606847212424378 0.338235009 -0.940613165 0.029050867 99.927008353 0.940078741 0.336310114 -0.056102300 13.408898591 0.043000461 0.046285865 0.998002294 0.197393104 0.000000000 0.000000000 0.000000000 1.000000000 
1606847212631897 0.281243785 -0.959392521 0.021631552 101.270556738 0.958472479 0.279721460 -0.055555479 12.709290172 0.047248702 0.036357881 0.998221250 0.168939780 0.000000000 0.000000000 0.000000000 1.000000000 
1606847212942993 0.194104134 -0.980499383 0.030733469 103.205788627 0.979806703 0.192244190 -0.054963585 11.541961378 0.047983430 0.040781518 0.998015260 0.118945221 0.000000000 0.000000000 0.000000000 1.000000000 
1606847213150269 0.134337682 -0.990337817 0.034415033 104.421191210 0.990135515 0.132752905 -0.044814365 10.662402668 0.039812664 0.040095804 0.998402363 0.090576636 0.000000000 0.000000000 0.000000000 1.000000000 
1606847213461121 0.043290919 -0.998311800 0.038722687 106.149171872 0.998448007 0.041872573 -0.036718741 9.208993328 0.035035334 0.040252178 0.998575129 0.073873205 0.000000000 0.000000000 0.000000000 1.000000000 
1606847213668457 -0.016481838 -0.998806935 0.045967988 107.235328040 0.999082396 -0.018269200 -0.038737596 8.163975259 0.039531178 0.045287341 0.998191536 0.075056414 0.000000000 0.000000000 0.000000000 1.000000000 
1606847213875733 -0.074788005 -0.995747421 0.053794304 108.235674383 0.996807293 -0.076162492 -0.023968644 7.057406305 0.027963824 0.051829988 0.998264332 0.079877144 0.000000000 0.000000000 0.000000000 1.000000000 
1606847214186890 -0.147860709 -0.988146139 0.041284596 109.661154740 0.988664156 -0.148781393 -0.020181276 5.246527853 0.026084430 0.037832582 0.998943591 0.114566862 0.000000000 0.000000000 0.000000000 1.000000000 
1606847214394348 -0.184252123 -0.982234125 0.035598855 110.561077230 0.982622069 -0.184911214 -0.016177542 3.977244134 0.022472762 0.031999474 0.999235212 0.131643908 0.000000000 0.000000000 0.000000000 1.000000000 
1606847214705322 -0.219196498 -0.975197080 0.030717250 111.863978458 0.975523199 -0.219618193 -0.011060593 2.005604196 0.017532325 0.027540947 0.999466915 0.147228747 0.000000000 0.000000000 0.000000000 1.000000000 
1606847214912598 -0.229369539 -0.972685585 0.035670250 112.730112007 0.973154667 -0.229885947 -0.011065513 0.669854231 0.018963354 0.032174579 0.999302350 0.160597151 0.000000000 0.000000000 0.000000000 1.000000000 
1606847215120056 -0.231926337 -0.971878184 0.040779523 113.604997568 0.972445548 -0.232673606 -0.014582523 -0.684978832 0.023660755 0.036273794 0.999061750 0.174718978 0.000000000 0.000000000 0.000000000 1.000000000 
1606847215431336 -0.228542421 -0.972301406 0.048972831 114.951151519 0.972644374 -0.230194497 -0.031199607 -2.729715368 0.041608698 0.040502715 0.998312700 0.198353013 0.000000000 0.000000000 0.000000000 1.000000000 
1606847215638977 -0.223764120 -0.973383748 0.049534820 115.853633671 0.973437889 -0.225725487 -0.038297274 -4.101350656 0.048459215 0.039649515 0.998037885 0.207337852 0.000000000 0.000000000 0.000000000 1.000000000 
1606847215950379 -0.211276960 -0.976367969 0.045471255 117.212455514 0.976123444 -0.213168053 -0.041742094 -6.156167377 0.050448663 0.035566415 0.998093163 0.208338542 0.000000000 0.000000000 0.000000000 1.000000000 
1606847216157898 -0.201879857 -0.978467959 0.042953201 118.130225549 0.978175656 -0.203632763 -0.041304776 -7.516081054 0.049162079 0.033677173 0.998222890 0.202514982 0.000000000 0.000000000 0.000000000 1.000000000 
1606847216468994 -0.188799594 -0.981194353 0.040154132 119.529126137 0.980921933 -0.190360886 -0.039432159 -9.537491572 0.046334388 0.031943293 0.998415119 0.191862590 0.000000000 0.000000000 0.000000000 1.000000000 
1606847216676270 -0.180585280 -0.982816784 0.038211597 120.476983779 0.982529383 -0.182037460 -0.038708850 -10.877732923 0.044999649 0.030553768 0.998519654 0.180732860 0.000000000 0.000000000 0.000000000 1.000000000 
1606847216883606 -0.171613466 -0.984485769 0.036559397 121.453389517 0.983749447 -0.173237151 -0.047179603 -12.212055037 0.052781093 0.027868632 0.998217159 0.170628517 0.000000000 0.000000000 0.000000000 1.000000000 
1606847217194702 -0.154714761 -0.987114683 0.040840483 122.913216315 0.987123198 -0.156151925 -0.034704016 -14.186806339 0.040634164 0.034945365 0.998562810 0.145817090 0.000000000 0.000000000 0.000000000 1.000000000 
1606847217401978 -0.138352465 -0.989677822 0.037368502 123.918158332 0.989629828 -0.139620082 -0.033749602 -15.492611297 0.038618626 0.032311644 0.998731475 0.143650326 0.000000000 0.000000000 0.000000000 1.000000000 
1606847217712952 -0.111510254 -0.993223486 0.032750114 125.462268184 0.993157464 -0.112532300 -0.031220721 -17.411455792 0.034694599 0.029044589 0.998975824 0.138810055 0.000000000 0.000000000 0.000000000 1.000000000 
1606847217920471 -0.091107321 -0.995135696 0.037475352 126.509218741 0.995512883 -0.091978849 -0.022225925 -18.647887807 0.025564751 0.035282251 0.999050352 0.136680758 0.000000000 0.000000000 0.000000000 1.000000000 
1606847218127930 -0.072800683 -0.996540575 0.040086688 127.577093981 0.997148628 -0.073528044 -0.016977658 -19.857373434 0.019866421 0.038736401 0.999051959 0.146802440 0.000000000 0.000000000 0.000000000 1.000000000 
1606847218439392 -0.048581799 -0.998297604 0.032275430 129.222832630 0.998428798 -0.049440837 -0.026373058 -21.637397487 0.027923885 0.030943468 0.999131002 0.170800978 0.000000000 0.000000000 0.000000000 1.000000000 
1606847218646912 -0.034225813 -0.998711137 0.037478782 130.319282546 0.999129424 -0.035087043 -0.022567545 -22.775471136 0.023853478 0.036673761 0.999042565 0.173833654 0.000000000 0.000000000 0.000000000 1.000000000 
1606847218958069 -0.011820192 -0.999285599 0.035896722 131.982569904 0.999673992 -0.012622063 -0.022194429 -24.448492697 0.022631664 0.035622677 0.999109019 0.189186253 0.000000000 0.000000000 0.000000000 1.000000000 
1606847219165344 0.001519216 -0.999694238 0.024680399 133.102413616 0.999710239 0.000925403 -0.024053727 -25.548027133 0.024023533 0.024709791 0.999405972 0.196761210 0.000000000 0.000000000 0.000000000 1.000000000 
1606847219372620 0.015723310 -0.999374491 0.031676567 134.217272062 0.999720406 0.015153409 -0.018151681 -26.600133253 0.017660319 0.031953115 0.999333334 0.200726873 0.000000000 0.000000000 0.000000000 1.000000000 
1606847219683594 0.036285415 -0.999035133 0.024742115 135.920879060 0.999124147 0.035750097 -0.021745575 -28.156770760 0.020840060 0.025509492 0.999457332 0.209895028 0.000000000 0.000000000 0.000000000 1.000000000 
1606847219890991 0.048152594 -0.998732350 0.014663577 137.071932209 0.998447000 0.047716687 -0.028752507 -29.173367241 0.028016362 0.016025313 0.999479001 0.215890087 0.000000000 0.000000000 0.000000000 1.000000000 
1606847220202210 0.067467805 -0.997531356 0.019475344 138.773223019 0.997580672 0.067117533 -0.018111867 -30.636778853 0.016760018 0.020650195 0.999646273 0.188852692 0.000000000 0.000000000 0.000000000 1.000000000 
1606847220409607 0.080377248 -0.996604121 0.017880856 139.924575389 0.996552114 0.079976875 -0.022081312 -31.584551823 0.020576272 0.019594040 0.999596264 0.186698645 0.000000000 0.000000000 0.000000000 1.000000000 
1606847220720886 0.098840505 -0.994849365 0.022478797 141.642968186 0.994876339 0.098310327 -0.023582819 -32.947679318 0.021251455 0.024694561 0.999469136 0.175355979 0.000000000 0.000000000 0.000000000 1.000000000 
1606847220928406 0.111498611 -0.993427238 0.025891762 142.774151332 0.993603767 0.110974009 -0.020888365 -33.822051400 0.017877758 0.028055176 0.999446493 0.171404641 0.000000000 0.000000000 0.000000000 1.000000000 
1606847221135742 0.123361036 -0.991916631 0.029722915 143.892245662 0.992269269 0.122885048 -0.017348291 -34.664991037 0.013555556 0.031633238 0.999407617 0.173469772 0.000000000 0.000000000 0.000000000 1.000000000 
1606847221446777 0.145204420 -0.989086795 0.024959747 145.556346775 0.989254380 0.144701311 -0.020911772 -35.877824960 0.017071850 0.027728020 0.999469714 0.183667296 0.000000000 0.000000000 0.000000000 1.000000000 
1606847221653870 0.168474791 -0.985382789 0.025238933 146.644181045 0.985572096 0.167974707 -0.020788011 -36.626260750 0.016244646 0.028377043 0.999465284 0.186895147 0.000000000 0.000000000 0.000000000 1.000000000 
1606847221964661 0.218881664 -0.975524853 0.021025668 148.251632669 0.975692891 0.218581722 -0.015665646 -37.648347319 0.010686400 0.023943517 0.999656195 0.190064986 0.000000000 0.000000000 0.000000000 1.000000000 
1606847222171875 0.266936154 -0.963375918 0.025532933 149.321932339 0.963626796 0.266461393 -0.020535897 -38.224121455 0.012980248 0.030085992 0.999463029 0.192324112 0.000000000 0.000000000 0.000000000 1.000000000 
1606847222379212 0.325251374 -0.945358158 0.022572042 150.375232745 0.945566968 0.324867569 -0.019083304 -38.729073005 0.010707633 0.027550249 0.999563070 0.195493937 0.000000000 0.000000000 0.000000000 1.000000000 
1606847222690369 0.427582668 -0.903671277 0.023479468 151.925214861 0.903953935 0.427245358 -0.018129731 -39.290685551 0.006351823 0.028976316 0.999559917 0.198093623 0.000000000 0.000000000 0.000000000 1.000000000 
1606847222898010 0.506099913 -0.862255560 0.019448060 152.930692275 0.862436705 0.505736758 -0.020814940 -39.534768102 0.008112199 0.027307160 0.999594173 0.198811344 0.000000000 0.000000000 0.000000000 1.000000000 
1606847223209412 0.626830352 -0.779046296 0.013060589 154.362817650 0.779136896 0.626610440 -0.017465769 -39.704376666 0.005422741 0.021124061 0.999762156 0.199027203 0.000000000 0.000000000 0.000000000 1.000000000 
1606847223417053 0.705335994 -0.708791803 0.010738524 155.264406062 0.708867737 0.705190504 -0.014590524 -39.683657338 0.002768939 0.017903415 0.999835887 0.191631040 0.000000000 0.000000000 0.000000000 1.000000000 
1606847223624573 0.782541166 -0.622536818 0.008788274 156.121791145 0.622590231 0.782378120 -0.016305859 -39.556407049 0.003275245 0.018231499 0.999828428 0.185012615 0.000000000 0.000000000 0.000000000 1.000000000 
1606847224142944 0.939725267 -0.341913050 -0.003447865 158.001139710 0.341830549 0.939646705 -0.014695094 -38.821198509 0.008264219 0.012630766 0.999886077 0.163719880 0.000000000 0.000000000 0.000000000 1.000000000 
1606847224661194 0.999989037 0.001914195 -0.004273313 159.383824683 -0.001968746 0.999916164 -0.012798008 -37.565926677 0.004248457 0.012806281 0.999908971 0.132294386 0.000000000 0.000000000 0.000000000 1.000000000 
1606847225180054 0.932847668 0.359984111 -0.014375940 160.195893189 -0.360121208 0.932867770 -0.008392844 -35.972819872 0.010389560 0.013006326 0.999861437 0.102791235 0.000000000 0.000000000 0.000000000 1.000000000 
1606847225699036 0.741941031 0.669978348 -0.025544456 160.361903964 -0.670266854 0.742109613 -0.003958117 -34.253528405 0.016304933 0.020058292 0.999665851 0.066926308 0.000000000 0.000000000 0.000000000 1.000000000 
1606847226217529 0.468882994 0.882934283 -0.023995607 159.915408338 -0.883120582 0.469118972 0.005042619 -32.594321842 0.015709095 0.018826616 0.999699346 0.029405110 0.000000000 0.000000000 0.000000000 1.000000000 
1606847226632080 0.207073516 0.977978569 -0.026047589 159.136909143 -0.978027207 0.207594316 0.019167205 -31.325762445 0.024152448 0.021506230 0.999476934 0.001313269 0.000000000 0.000000000 0.000000000 1.000000000 
1606847226942932 0.010851371 0.999503305 -0.029587014 158.261255978 -0.999705779 0.011485985 0.021364166 -30.443962173 0.021693391 0.029346479 0.999333869 -0.013449949 0.000000000 0.000000000 0.000000000 1.000000000 
1606847227150391 -0.111608995 0.993313648 -0.029519967 157.559169891 -0.993453478 -0.110797900 0.027821094 -29.911481157 0.024364322 0.032431798 0.999176940 -0.023279173 0.000000000 0.000000000 0.000000000 1.000000000 
1606847227461731 -0.277038229 0.960698831 -0.017537851 156.329306663 -0.960513789 -0.276403445 0.031849589 -29.242416556 0.025750340 0.025668901 0.999338795 -0.032661895 0.000000000 0.000000000 0.000000000 1.000000000 
1606847227669373 -0.365555477 0.930676408 -0.014512618 155.405402041 -0.930526681 -0.365037282 0.029459769 -28.868112946 0.022119865 0.024273558 0.999460607 -0.036616074 0.000000000 0.000000000 0.000000000 1.000000000 
1606847227877136 -0.433686778 0.900981966 -0.012135736 154.413011072 -0.900953415 -0.433383663 0.021483586 -28.554529813 0.014096893 0.020250880 0.999695543 -0.028829848 0.000000000 0.000000000 0.000000000 1.000000000 
1606847228188721 -0.498684569 0.866687570 -0.012897966 152.850774513 -0.866639034 -0.498274527 0.025676453 -28.139251576 0.015826735 0.023982332 0.999587096 -0.029746037 0.000000000 0.000000000 0.000000000 1.000000000 
1606847228396179 -0.523187734 0.852165790 -0.009384044 151.763438000 -0.852010288 -0.522786058 0.027806588 -27.900210604 0.018789976 0.022543368 0.999569274 -0.025999291 0.000000000 0.000000000 0.000000000 1.000000000 
1606847228706970 -0.544646224 0.838642988 -0.006199087 150.063598727 -0.838463890 -0.544337935 0.025971469 -27.563165401 0.018406392 0.019342973 0.999643463 -0.020496371 0.000000000 0.000000000 0.000000000 1.000000000 
1606847228913941 -0.550602009 0.834747694 -0.005806489 148.886917874 -0.834609616 -0.550348853 0.023300854 -27.344089301 0.016254740 0.017675649 0.999711636 -0.010248127 0.000000000 0.000000000 0.000000000 1.000000000 
1606847229224121 -0.550780368 0.834616208 0.007534684 147.074286423 -0.834351246 -0.550802245 0.021791850 -27.026553717 0.022337952 0.005715950 0.999734137 0.000343583 0.000000000 0.000000000 0.000000000 1.000000000 
1606847229431152 -0.545443408 0.838130123 0.005420808 145.818545182 -0.837827260 -0.545402314 0.024120512 -26.777223831 0.023172649 0.008614673 0.999694361 0.011496731 0.000000000 0.000000000 0.000000000 1.000000000 
1606847229638428 -0.535589055 0.844475921 0.002186971 144.518526408 -0.844325440 -0.535539369 0.017667387 -26.514498370 0.016090891 0.007615944 0.999841528 0.026640346 0.000000000 0.000000000 0.000000000 1.000000000 
1606847229949829 -0.510747220 0.859729372 -0.001638515 142.534649170 -0.859542159 -0.510594210 0.021927818 -26.050821518 0.018015373 0.012607945 0.999758214 0.038906356 0.000000000 0.000000000 0.000000000 1.000000000 
1606847230157593 -0.488861375 0.872360362 -0.001397977 141.194978006 -0.872076643 -0.488660179 0.026335509 -25.696729147 0.022290919 0.014093556 0.999652183 0.049132523 0.000000000 0.000000000 0.000000000 1.000000000 
1606847230469360 -0.443891712 0.896069980 -0.004328914 139.165101214 -0.895805292 -0.443630529 0.026922713 -25.075130606 0.022204196 0.015828633 0.999628145 0.070577232 0.000000000 0.000000000 0.000000000 1.000000000 
1606847230677063 -0.406067786 0.913826593 -0.005469102 137.807625674 -0.913638187 -0.405842837 0.023597764 -24.591150245 0.019344668 0.014579072 0.999706574 0.082776795 0.000000000 0.000000000 0.000000000 1.000000000 
1606847230884522 -0.361553626 0.932339593 -0.004675305 136.454980841 -0.932225241 -0.361417729 0.018257169 -24.041920166 0.015332144 0.010959383 0.999822393 0.091660472 0.000000000 0.000000000 0.000000000 1.000000000 
1606847231195252 -0.286396614 0.958107374 -0.002690696 134.456179968 -0.958001501 -0.286320222 0.015932816 -23.069986259 0.014494948 0.007140795 0.999869444 0.096348376 0.000000000 0.000000000 0.000000000 1.000000000 
1606847231402344 -0.230636866 0.973039846 -0.000307539 133.145875627 -0.972932202 -0.230606626 0.014950419 -22.317801740 0.014476433 0.003747332 0.999888189 0.097725293 0.000000000 0.000000000 0.000000000 1.000000000 
1606847231712769 -0.141388979 0.989888976 -0.011356615 131.235126261 -0.989904955 -0.141258324 0.011587309 -21.000377780 0.009865933 0.012880287 0.999868372 0.100464513 0.000000000 0.000000000 0.000000000 1.000000000 
1606847231919983 -0.078690164 0.996794732 -0.014426365 130.030055294 -0.996775642 -0.078444418 0.016875807 -20.019006843 0.015690048 0.015707809 0.999753513 0.094013827 0.000000000 0.000000000 0.000000000 1.000000000 
1606847232127503 -0.015667458 0.999709158 -0.018333870 128.870512242 -0.999792170 -0.015424284 0.013330724 -18.956622002 0.013044060 0.018538918 0.999743047 0.086218434 0.000000000 0.000000000 0.000000000 1.000000000 
1606847232439026 0.072609095 0.997306145 -0.010410239 127.262202185 -0.997172375 0.072794155 0.018661880 -17.251442812 0.019369412 0.009025781 0.999771655 0.073178346 0.000000000 0.000000000 0.000000000 1.000000000 
1606847232646668 0.121754546 0.992559981 0.000716672 126.256749441 -0.992400285 0.121721931 0.018040122 -16.052682629 0.017818669 -0.002907692 0.999837007 0.075573220 0.000000000 0.000000000 0.000000000 1.000000000 
1606847232957825 0.174214950 0.984695500 -0.004891105 124.831846712 -0.984597377 0.174267625 0.014099675 -14.138760013 0.014736248 0.002359395 0.999888632 0.089541464 0.000000000 0.000000000 0.000000000 1.000000000 
1606847233165039 0.198139637 0.980161717 -0.004867488 123.916944480 -0.980091082 0.198184987 0.012007609 -12.826779738 0.012734062 0.002391398 0.999916059 0.096646548 0.000000000 0.000000000 0.000000000 1.000000000 
1606847233372193 0.214741775 0.976655044 -0.005558388 123.049628784 -0.976261818 0.214813057 0.027716672 -11.488333813 0.028263642 -0.000525485 0.999600365 0.094051425 0.000000000 0.000000000 0.000000000 1.000000000 
1606847233683106 0.226761045 0.973778651 -0.018291171 121.726809637 -0.973614943 0.227135844 0.021982958 -9.423823730 0.025561115 0.012823679 0.999591008 0.113933784 0.000000000 0.000000000 0.000000000 1.000000000 
1606847233890503 0.231552931 0.972670152 -0.017205115 120.854991792 -0.972346124 0.231956685 0.027186596 -8.042033360 0.030434432 0.010434191 0.999482303 0.112090733 0.000000000 0.000000000 0.000000000 1.000000000 
1606847234201904 0.224442267 0.974295435 -0.019340985 119.520673226 -0.973956903 0.224930697 0.028533011 -5.944778887 0.032149964 0.012433272 0.999405720 0.116726484 0.000000000 0.000000000 0.000000000 1.000000000 
1606847234409485 0.215749270 0.976223510 -0.020974055 118.603067954 -0.975960263 0.216270960 0.026989575 -4.543907095 0.030883937 0.014646863 0.999415655 0.119599036 0.000000000 0.000000000 0.000000000 1.000000000 
1606847234720886 0.200681543 0.979382635 -0.023164050 117.197283102 -0.979191014 0.201258946 0.026072871 -2.449117543 0.030197290 0.017449685 0.999391631 0.118486734 0.000000000 0.000000000 0.000000000 1.000000000 
1606847234928528 0.190886147 0.981272281 -0.025830015 116.240600918 -0.981140805 0.191543800 0.025955605 -1.060257637 0.030417095 0.020388317 0.999329334 0.115490645 0.000000000 0.000000000 0.000000000 1.000000000 
1606847235135925 0.177976734 0.983591688 -0.029524119 115.270939448 -0.983496117 0.178791769 0.027728894 0.317770641 0.032552579 0.024101759 0.999179381 0.110509053 0.000000000 0.000000000 0.000000000 1.000000000 
1606847235446900 0.150244453 0.988084703 -0.033394971 113.778178516 -0.988027672 0.151261610 0.030352028 2.347445908 0.035041752 0.028434932 0.998981246 0.099929764 0.000000000 0.000000000 0.000000000 1.000000000 
1606847235654053 0.125769800 0.991383739 -0.036609277 112.747702490 -0.991423952 0.126924275 0.031125162 3.666517098 0.035503586 0.032380709 0.998844825 0.090613665 0.000000000 0.000000000 0.000000000 1.000000000 
1606847235964966 0.086652623 0.995447578 -0.039691853 111.141811343 -0.995716867 0.087827717 0.028882750 5.582226125 0.032237308 0.037019081 0.998794445 0.075546784 0.000000000 0.000000000 0.000000000 1.000000000 
1606847236172241 0.053190597 0.997441253 -0.047767215 110.035160996 -0.998082580 0.054619284 0.029118684 6.818693101 0.031653188 0.046126785 0.998433971 0.059719933 0.000000000 0.000000000 0.000000000 1.000000000 
1606847236379639 0.014281582 0.999011230 -0.042102248 108.889867115 -0.999387194 0.015607378 0.031331240 7.984114190 0.031957366 0.041628988 0.998621928 0.043990955 0.000000000 0.000000000 0.000000000 1.000000000 
1606847236690979 -0.046749365 0.998482148 -0.029118664 107.107313221 -0.998171615 -0.045577031 0.039700894 9.620131013 0.038313492 0.030921415 0.998787236 0.036818739 0.000000000 0.000000000 0.000000000 1.000000000 
1606847236898743 -0.091458774 0.995314828 -0.031363774 105.868153055 -0.995200638 -0.090256925 0.037807116 10.649514543 0.034799185 0.034671040 0.998792739 0.056918976 0.000000000 0.000000000 0.000000000 1.000000000 
1606847237210022 -0.173039856 0.984656054 -0.022575717 103.966390657 -0.983791616 -0.171702738 0.051693572 12.034266687 0.047024077 0.031154850 0.998407788 0.077728511 0.000000000 0.000000000 0.000000000 1.000000000 
1606847237417359 -0.234364363 0.972010060 -0.016425247 102.649075248 -0.970843328 -0.233140898 0.055754404 12.845154038 0.050364445 0.029013187 0.998309400 0.111308754 0.000000000 0.000000000 0.000000000 1.000000000 
1606847237624634 -0.293740821 0.955719788 -0.017776866 101.277776596 -0.954876391 -0.292525956 0.051377458 13.571215865 0.043902258 0.032066366 0.998521076 0.156546575 0.000000000 0.000000000 0.000000000 1.000000000 
1606847237935608 -0.376485560 0.926292819 -0.015499536 99.136705289 -0.925785330 -0.375553575 0.043370904 14.502091588 0.034353250 0.030677762 0.998938801 0.199832285 0.000000000 0.000000000 0.000000000 1.000000000 
1606847238143005 -0.424118989 0.905474294 -0.015472130 97.656367340 -0.905167803 -0.423319969 0.038359520 15.031497877 0.028183898 0.030273874 0.999144214 0.227311072 0.000000000 0.000000000 0.000000000 1.000000000 
1606847238454346 -0.499355309 0.866314374 -0.011986697 95.366121681 -0.866008780 -0.498669332 0.036846849 15.679261815 0.025943557 0.028780255 0.999249032 0.255908052 0.000000000 0.000000000 0.000000000 1.000000000 
1606847238661804 -0.545686182 0.837946688 -0.008481625 93.795706270 -0.837551037 -0.545045235 0.037867560 16.006616639 0.027108127 0.027767598 0.999246771 0.277235477 0.000000000 0.000000000 0.000000000 1.000000000 
1606847238972901 -0.610636479 0.791848431 -0.009957574 91.373390620 -0.791530043 -0.609904448 0.038687918 16.352622869 0.024561798 0.031505973 0.999201727 0.314364928 0.000000000 0.000000000 0.000000000 1.000000000 
1606847239180420 -0.644596007 0.764520710 -0.002017858 89.737886888 -0.763779324 -0.643850014 0.045807250 16.486984357 0.033721393 0.031068369 0.998948259 0.341399987 0.000000000 0.000000000 0.000000000 1.000000000 
1606847239387818 -0.677703740 0.735329613 -0.002828590 88.069291620 -0.734593846 -0.676842945 0.047492207 16.556822049 0.033007915 0.034263511 0.998867604 0.381172008 0.000000000 0.000000000 0.000000000 1.000000000 
1606847239698914 -0.722725752 0.691130038 -0.002599373 85.523529432 -0.690833955 -0.722294932 0.032225426 16.503027682 0.020394446 0.025085881 0.999477246 0.441373562 0.000000000 0.000000000 0.000000000 1.000000000 
1606847239906311 -0.748664165 0.662948291 -0.001237246 83.816651627 -0.662782953 -0.748433020 0.023806964 16.379284504 0.014856790 0.018643446 0.999715808 0.464183065 0.000000000 0.000000000 0.000000000 1.000000000 
1606847240217285 -0.781221922 0.624168989 0.010265519 81.287172488 -0.623694417 -0.781112597 0.029468381 16.095029339 0.026411776 0.016618798 0.999512998 0.504779066 0.000000000 0.000000000 0.000000000 1.000000000 
1606847240424683 -0.800379666 0.599489113 0.002278857 79.590677216 -0.599234501 -0.800139886 0.026347220 15.847615883 0.017618276 0.019722209 0.999650254 0.542578758 0.000000000 0.000000000 0.000000000 1.000000000 
1606847240632080 -0.816392006 0.577462382 0.006425731 77.912884395 -0.577323834 -0.816368436 0.015484384 15.531229244 0.014187413 0.008931599 0.999859462 0.575352910 0.000000000 0.000000000 0.000000000 1.000000000 
1606847240943176 -0.837433134 0.546228214 0.018452223 75.436793278 -0.545717599 -0.837547838 0.026569192 14.998570425 0.029967462 0.012180218 0.999476660 0.611421868 0.000000000 0.000000000 0.000000000 1.000000000 
1606847241150635 -0.846820491 0.531443139 0.021523164 73.768096041 -0.531096576 -0.847076336 0.019952640 14.584200362 0.028835456 0.005465426 0.999569230 0.654107817 0.000000000 0.000000000 0.000000000 1.000000000 
1606847241461792 -0.854302017 0.519479599 0.017578668 71.247662404 -0.519321200 -0.854480613 0.012975844 13.933629932 0.021761317 0.001956315 0.999761280 0.707868275 0.000000000 0.000000000 0.000000000 1.000000000 
1606847241669190 -0.856839479 0.515369976 0.014828871 69.557571502 -0.515271191 -0.856967141 0.010144891 13.485232723 0.017936227 0.001051653 0.999838580 0.731939849 0.000000000 0.000000000 0.000000000 1.000000000 
1606847241876587 -0.858504883 0.512702608 0.010266538 67.854660815 -0.512692475 -0.858563927 0.003795963 13.026784451 0.010760680 -0.002004724 0.999940093 0.750104291 0.000000000 0.000000000 0.000000000 1.000000000 
1606847242187683 -0.860978500 0.508482402 0.012714882 65.305416587 -0.508488517 -0.861063584 0.002988561 12.328535572 0.012467952 -0.003892285 0.999914697 0.761038871 0.000000000 0.000000000 0.000000000 1.000000000 
1606847242394959 -0.859898035 0.509964518 0.022617685 63.606228733 -0.510142680 -0.860086056 -0.002534181 11.843632890 0.018160813 -0.013717384 0.999740976 0.770879118 0.000000000 0.000000000 0.000000000 1.000000000 
1606847242705811 -0.856830594 0.514991832 0.024994935 61.036396279 -0.515178010 -0.857082371 -0.001194653 11.148100771 0.020807481 -0.013900456 0.999686864 0.795854768 0.000000000 0.000000000 0.000000000 1.000000000 
1606847242913147 -0.854459104 0.519061972 0.021778648 59.311504110 -0.519158164 -0.854677007 0.001419400 10.702185146 0.019350467 -0.010093744 0.999761810 0.813610235 0.000000000 0.000000000 0.000000000 1.000000000 
1606847243224365 -0.852014928 0.523388871 0.011603984 56.713895230 -0.523386049 -0.852088402 0.003521271 10.050263112 0.011730615 -0.003073188 0.999926471 0.841580821 0.000000000 0.000000000 0.000000000 1.000000000 
1606847243431824 -0.851540293 0.524282988 0.002545231 54.981189065 -0.524281218 -0.851544081 0.001372277 9.618006588 0.002886838 -0.000165868 0.999995819 0.851224042 0.000000000 0.000000000 0.000000000 1.000000000 
1606847243639282 -0.850944340 0.525240605 0.004004672 53.267572524 -0.525252405 -0.850941691 -0.002854636 9.177286810 0.001908372 -0.004532600 0.999987907 0.852718201 0.000000000 0.000000000 0.000000000 1.000000000 
