1606847188172284 0.978967658 0.202101773 0.027878263 -4.327195589 0.202702574 -0.979021366 -0.020708264 0.043230202 0.023108238 0.025923717 -0.999396803 0.389973372 0.000000000 0.000000000 0.000000000 1.000000000 
1606847194923005 0.988255696 0.150251883 0.027839749 -2.968800928 0.150850088 -0.988337993 -0.020790933 0.234568547 0.024391204 0.024746386 -0.999396160 0.414505377 0.000000000 0.000000000 0.000000000 1.000000000 
1606847195674887 0.995452895 0.092654330 0.022106770 -1.395239129 0.093057571 -0.995498625 -0.017965995 0.368573295 0.020342632 0.019941504 -0.999594175 0.437387705 0.000000000 0.000000000 0.000000000 1.000000000 
1606847196174893 0.997412456 0.069593656 0.018030966 -0.030152757 0.069924195 -0.997382606 -0.018399543 0.438152430 0.016703280 0.019612734 -0.999668115 0.452449213 0.000000000 0.000000000 0.000000000 1.000000000 
1606847196674276 0.997987139 0.061085859 0.017034906 1.552295123 0.061366865 -0.997979022 -0.016491788 0.506785806 0.015993063 0.017503971 -0.999718877 0.464877705 0.000000000 0.000000000 0.000000000 1.000000000 
1606847197173667 0.997470245 0.068983413 0.017158070 3.338806927 0.069089762 -0.997594255 -0.005683942 0.616936500 0.016724695 0.006855010 -0.999836633 0.476538343 0.000000000 0.000000000 0.000000000 1.000000000 
1606847197673036 0.996103715 0.085831835 0.020255480 5.310968828 0.085701053 -0.996294589 0.007240327 0.767320252 0.020801876 -0.005476201 -0.999768620 0.497770791 0.000000000 0.000000000 0.000000000 1.000000000 
1606847197923043 0.995138065 0.094439153 0.027954910 6.339987625 0.094090902 -0.995471746 0.013524274 0.860857045 0.029105544 -0.010828217 -0.999517692 0.505602225 0.000000000 0.000000000 0.000000000 1.000000000 
1606847198173044 0.994293537 0.102960597 0.027919117 7.414433870 0.102417090 -0.994535444 0.020248217 0.969682712 0.029851320 -0.017273277 -0.999405089 0.522833596 0.000000000 0.000000000 0.000000000 1.000000000 
1606847198423050 0.993270022 0.112149656 0.028933003 8.518562049 0.111509428 -0.993500157 0.022871064 1.081278185 0.031309925 -0.019490840 -0.999319666 0.549515430 0.000000000 0.000000000 0.000000000 1.000000000 
1606847198672428 0.991897580 0.121819455 0.036044575 9.644238375 0.121053967 -0.992385978 0.022715801 1.198311437 0.038537358 -0.018168409 -0.999091978 0.571511233 0.000000000 0.000000000 0.000000000 1.000000000 
1606847198922432 0.990575393 0.130446257 0.041763190 10.809515365 0.129477093 -0.991263734 0.025137484 1.337368982 0.044677427 -0.019493197 -0.998811265 0.601400150 0.000000000 0.000000000 0.000000000 1.000000000 
1606847199172434 0.989767554 0.137709428 0.037367123 12.036381397 0.136965030 -0.990335726 0.021811244 1.479711031 0.040009611 -0.016470072 -0.999063545 0.633775024 0.000000000 0.000000000 0.000000000 1.000000000 
1606847199422443 0.989142345 0.144385002 0.027393288 13.310052144 0.143721423 -0.989306703 0.024827410 1.648805869 0.030685069 -0.020620841 -0.999316370 0.674432421 0.000000000 0.000000000 0.000000000 1.000000000 
1606847199671818 0.987658170 0.150033164 0.044959856 14.573118096 0.149226586 -0.988584059 0.020808296 1.806868083 0.047568531 -0.013842278 -0.998772059 0.708716069 0.000000000 0.000000000 0.000000000 1.000000000 
1606847199921818 0.986910140 0.154794118 0.045245510 15.905306061 0.153964186 -0.987846673 0.021306819 1.992516816 0.047993796 -0.014061728 -0.998748649 0.741490837 0.000000000 0.000000000 0.000000000 1.000000000 
1606847200172452 0.986669414 0.159086651 0.034276876 17.290101728 0.158462514 -0.987157684 0.020232117 2.189991116 0.037055341 -0.014530811 -0.999207565 0.807321597 0.000000000 0.000000000 0.000000000 1.000000000 
1606847200423077 0.986122719 0.160970552 0.040625898 18.683490390 0.160350215 -0.986893971 0.018113497 2.387260123 0.043009194 -0.011347759 -0.999010229 0.835245408 0.000000000 0.000000000 0.000000000 1.000000000 
1606847200674332 0.986128693 0.162419371 0.034207448 20.136499203 0.161894244 -0.986650839 0.017617489 2.598976684 0.036612229 -0.011835123 -0.999259463 0.882732050 0.000000000 0.000000000 0.000000000 1.000000000 
1606847200924958 0.986014786 0.163375145 0.032915087 21.615084829 0.162923512 -0.986509229 0.015983423 2.814668047 0.035082332 -0.010397250 -0.999330339 0.919922219 0.000000000 0.000000000 0.000000000 1.000000000 
1606847201174968 0.985606516 0.165844206 0.032794733 23.125999871 0.165395386 -0.986097965 0.015974013 3.040246606 0.034988017 -0.010319993 -0.999334447 0.957801507 0.000000000 0.000000000 0.000000000 1.000000000 
1606847201424963 0.984609858 0.171537644 0.033440452 24.668863910 0.171123766 -0.985137015 0.014890206 3.275325343 0.035497658 -0.008938588 -0.999329784 0.994436937 0.000000000 0.000000000 0.000000000 1.000000000 
1606847201674970 0.983767039 0.176904650 0.030119065 26.242515911 0.176653772 -0.984213611 0.010817254 3.519843076 0.031557216 -0.005321011 -0.999487783 1.033590365 0.000000000 0.000000000 0.000000000 1.000000000 
1606847201924349 0.982634158 0.182976191 0.030819221 27.818441544 0.182778569 -0.983111657 0.009135891 3.777572061 0.031970386 -0.003344146 -0.999483222 1.073833259 0.000000000 0.000000000 0.000000000 1.000000000 
1606847202174354 0.980951984 0.191799554 0.030759311 29.410655781 0.191919256 -0.981410249 -0.000959939 4.031919027 0.030003387 0.006844959 -0.999526359 1.102443944 0.000000000 0.000000000 0.000000000 1.000000000 
1606847202424350 0.979799699 0.199906744 0.005462887 31.042766091 0.199865023 -0.979795914 0.007344397 4.349477663 0.006820709 -0.006104198 -0.999958107 1.145701152 0.000000000 0.000000000 0.000000000 1.000000000 
1606847202673739 0.977975930 0.207841166 0.019108392 32.613108522 0.207659155 -0.978138456 0.011083195 4.660105099 0.020994197 -0.006871065 -0.999755986 1.156051094 0.000000000 0.000000000 0.000000000 1.000000000 
1606847202923742 0.976115848 0.216202575 0.021314272 34.217276135 0.215973437 -0.976318580 0.012550088 4.984990798 0.023522881 -0.007647023 -0.999694052 1.173115580 0.000000000 0.000000000 0.000000000 1.000000000 
1606847203174367 0.974776843 0.223177753 -0.001340665 35.870905870 0.223139024 -0.974454937 0.025427372 5.361632934 0.004368406 -0.025085168 -0.999675773 1.196539742 0.000000000 0.000000000 0.000000000 1.000000000 
1606847203423744 0.972242357 0.233674363 0.011878171 37.484977542 0.233562712 -0.972289611 0.010068376 5.677553254 0.013901744 -0.007014603 -0.999878761 1.193706566 0.000000000 0.000000000 0.000000000 1.000000000 
1606847203673747 0.969796385 0.243174330 0.019005720 39.113397171 0.242827976 -0.969886634 0.018827941 6.068194672 0.023011866 -0.013644149 -0.999642082 1.199219891 0.000000000 0.000000000 0.000000000 1.000000000 
1606847203923752 0.968539442 0.248741812 0.007672007 40.798058726 0.248621699 -0.968500781 0.013909964 6.457201592 0.010890335 -0.011564921 -0.999873819 1.218894762 0.000000000 0.000000000 0.000000000 1.000000000 
1606847204173755 0.967302263 0.253534979 0.006807761 42.479917723 0.253368521 -0.967180742 0.019126021 6.876057146 0.011433451 -0.016775771 -0.999793904 1.222628018 0.000000000 0.000000000 0.000000000 1.000000000 
1606847204423756 0.966889079 0.255042091 0.008890540 44.182276224 0.254913294 -0.966870165 0.013464661 7.284227570 0.012030053 -0.010752517 -0.999869822 1.223085967 0.000000000 0.000000000 0.000000000 1.000000000 
1606847204673139 0.966804470 0.255476608 0.004562942 45.902058993 0.255394569 -0.966739336 0.013735708 7.705856103 0.007920328 -0.012114393 -0.999895249 1.229036214 0.000000000 0.000000000 0.000000000 1.000000000 
1606847204923144 0.967013671 0.254704134 0.003219273 47.628577114 0.254632606 -0.966927101 0.014636187 8.132378150 0.006840700 -0.013333661 -0.999887703 1.227058800 0.000000000 0.000000000 0.000000000 1.000000000 
1606847205172559 0.966988365 0.254794726 0.003626080 49.356020471 0.254736179 -0.966936509 0.011969405 8.553926621 0.006555930 -0.010650582 -0.999921789 1.223116273 0.000000000 0.000000000 0.000000000 1.000000000 
1606847205422525 0.966748828 0.255695058 -0.004091671 51.110761971 0.255720432 -0.966718650 0.007881087 8.974150104 -0.001940339 -0.008665356 -0.999960573 1.222121987 0.000000000 0.000000000 0.000000000 1.000000000 
1606847205671901 0.965528290 0.260222938 0.006256547 52.833577209 0.260162067 -0.965521840 0.009125484 9.403758730 0.008415493 -0.007183196 -0.999938789 1.209411840 0.000000000 0.000000000 0.000000000 1.000000000 
1606847205921907 0.965110117 0.261757239 0.006753476 54.584509770 0.261721571 -0.965126416 0.005728938 9.836556651 0.008017549 -0.003761525 -0.999960784 1.208789339 0.000000000 0.000000000 0.000000000 1.000000000 
1606847206172536 0.964430985 0.264307814 -0.003775551 56.364104245 0.264313611 -0.964436136 0.001120284 10.280584610 -0.003345178 -0.002078366 -0.999992245 1.209519629 0.000000000 0.000000000 0.000000000 1.000000000 
1606847206423159 0.964173082 0.265239018 -0.004304864 58.134859382 0.265222867 -0.964178930 -0.003977672 10.721088665 -0.005205693 0.002693415 -0.999982823 1.195214491 0.000000000 0.000000000 0.000000000 1.000000000 
1606847206673789 0.964417422 0.264195921 -0.009977590 59.917108338 0.264106892 -0.964447572 -0.009403796 11.163230201 -0.012107307 0.006434034 -0.999906004 1.175209965 0.000000000 0.000000000 0.000000000 1.000000000 
1606847206923800 0.965175697 0.261562791 -0.004558498 61.674199037 0.261521419 -0.965163851 -0.008080112 11.608702436 -0.006513154 0.006606583 -0.999956965 1.153794434 0.000000000 0.000000000 0.000000000 1.000000000 
1606847207173793 0.965940845 0.258744141 -0.003123065 63.434375375 0.258745535 -0.965945519 0.000043843 12.062777053 -0.003005367 -0.000850429 -0.999995122 1.136416848 0.000000000 0.000000000 0.000000000 1.000000000 
1606847207423801 0.966858213 0.255287585 -0.003666754 65.194848313 0.255302800 -0.966850421 0.004554469 12.506573405 -0.002382503 -0.005339659 -0.999982906 1.126627451 0.000000000 0.000000000 0.000000000 1.000000000 
1606847207673801 0.967623508 0.252395010 0.001226718 66.938932669 0.252384557 -0.967610723 0.005614687 12.931705858 0.002604105 -0.005123299 -0.999983485 1.114440067 0.000000000 0.000000000 0.000000000 1.000000000 
1606847207923187 0.968258650 0.249787547 -0.009020381 68.694014813 0.249814111 -0.968291888 0.001931054 13.342857123 -0.008252008 -0.004123178 -0.999957451 1.108175361 0.000000000 0.000000000 0.000000000 1.000000000 
1606847208172563 0.968938070 0.246887726 -0.014334139 70.428627495 0.246978391 -0.969008522 0.004915190 13.758839733 -0.012676403 -0.008302737 -0.999885180 1.086195613 0.000000000 0.000000000 0.000000000 1.000000000 
1606847208422559 0.969851797 0.243103701 -0.016972986 72.159183612 0.243183215 -0.969976452 0.002758066 14.156629530 -0.015792901 -0.006802460 -0.999852144 1.055371179 0.000000000 0.000000000 0.000000000 1.000000000 
1606847208672566 0.971338503 0.236857586 -0.019999925 73.883899917 0.237025656 -0.971481882 0.006464643 14.554557066 -0.017898366 -0.011019852 -0.999779081 1.020489809 0.000000000 0.000000000 0.000000000 1.000000000 
1606847208921948 0.973695007 0.226813074 -0.021768378 75.602843540 0.226996261 -0.973875142 0.006317007 14.924183578 -0.019766903 -0.011092179 -0.999743084 0.980920198 0.000000000 0.000000000 0.000000000 1.000000000 
1606847209171947 0.977043761 0.212631421 -0.013166922 77.304654290 0.212819689 -0.976975139 0.015078425 15.287966138 -0.009657609 -0.017534462 -0.999799617 0.942154876 0.000000000 0.000000000 0.000000000 1.000000000 
1606847209422577 0.981869476 0.189090012 -0.013315361 79.028990928 0.189308290 -0.981758725 0.017668528 15.603430495 -0.009731530 -0.019868897 -0.999755232 0.917096277 0.000000000 0.000000000 0.000000000 1.000000000 
1606847209673207 0.986524108 0.162329629 -0.020476240 80.769605039 0.162742420 -0.986457316 0.020417366 15.874066013 -0.016884594 -0.023474576 -0.999581840 0.890073966 0.000000000 0.000000000 0.000000000 1.000000000 
1606847209923212 0.992134624 0.124065409 -0.016633188 82.494299791 0.124425837 -0.991968315 0.022739254 16.081319548 -0.013678441 -0.024630000 -0.999603053 0.852963438 0.000000000 0.000000000 0.000000000 1.000000000 
1606847210173839 0.996745602 0.080295215 -0.007133285 84.223355869 0.080453582 -0.996426421 0.025721766 16.216196645 -0.005042459 -0.026211955 -0.999643690 0.818288522 0.000000000 0.000000000 0.000000000 1.000000000 
1606847210423214 0.999141953 0.036409595 -0.019740821 85.988834587 0.037071478 -0.998724852 0.034269176 16.283465928 -0.018467921 -0.034971593 -0.999217656 0.806413987 0.000000000 0.000000000 0.000000000 1.000000000 
1606847210673180 0.999711048 -0.013227336 -0.020071302 87.749895731 -0.012538063 -0.999340221 0.034086933 16.250333384 -0.020508939 -0.033825428 -0.999217306 0.763348251 0.000000000 0.000000000 0.000000000 1.000000000 
1606847210922596 0.997748146 -0.063185655 -0.022499096 89.518529306 -0.062310289 -0.997345034 0.037687026 16.133135624 -0.024820641 -0.036200235 -0.999036275 0.724036751 0.000000000 0.000000000 0.000000000 1.000000000 
1606847211172607 0.993242829 -0.115430861 -0.012016619 91.271254667 -0.114920346 -0.992689726 0.036883903 15.916354867 -0.016186315 -0.035253718 -0.999247306 0.685603031 0.000000000 0.000000000 0.000000000 1.000000000 
1606847211422602 0.985879121 -0.167154258 -0.010090225 93.034275707 -0.166706796 -0.985373095 0.035337053 15.605945818 -0.015849375 -0.033155954 -0.999324512 0.656389240 0.000000000 0.000000000 0.000000000 1.000000000 
1606847211672611 0.975440644 -0.219979467 -0.011161735 94.795539950 -0.219259683 -0.974582243 0.045985253 15.223050618 -0.020993840 -0.042408566 -0.998879759 0.635742985 0.000000000 0.000000000 0.000000000 1.000000000 
1606847211921987 0.961781497 -0.273678157 -0.008753151 96.523220568 -0.272997108 -0.960881312 0.046687079 14.728313408 -0.021187973 -0.042513184 -0.998871212 0.610563542 0.000000000 0.000000000 0.000000000 1.000000000 
1606847212171993 0.943535459 -0.331006939 -0.013237960 98.243915734 -0.329832575 -0.942407169 0.055490545 14.144090041 -0.030843304 -0.047990986 -0.998371452 0.591210594 0.000000000 0.000000000 0.000000000 1.000000000 
1606847212421998 0.918305583 -0.395311325 -0.021066869 99.927011975 -0.393533785 -0.917363182 0.059799268 13.433495853 -0.042965297 -0.046623477 -0.997988093 0.561928143 0.000000000 0.000000000 0.000000000 1.000000000 
1606847212673247 0.887028247 -0.460979414 -0.026055113 101.552276021 -0.459199991 -0.886672599 0.054286936 12.577333051 -0.048127515 -0.036189538 -0.998185383 0.525910977 0.000000000 0.000000000 0.000000000 1.000000000 
1606847212923251 0.851619807 -0.523761955 -0.020423488 103.104962998 -0.521898229 -0.850916911 0.059687927 11.636649561 -0.048640956 -0.040172439 -0.998008132 0.486191551 0.000000000 0.000000000 0.000000000 1.000000000 
1606847213173921 0.811494904 -0.584304093 -0.008046547 104.571337148 -0.583040978 -0.810511617 0.055983371 10.573000377 -0.039233132 -0.040738754 -0.998399276 0.452609932 0.000000000 0.000000000 0.000000000 1.000000000 
1606847213423879 0.766529349 -0.642208985 -0.000613983 105.960821305 -0.641270969 -0.765460713 0.053305172 9.406957237 -0.034703040 -0.040466250 -0.998578080 0.439240464 0.000000000 0.000000000 0.000000000 1.000000000 
1606847213673885 0.718048011 -0.695985552 0.003341494 107.276912567 -0.694880640 -0.716620150 0.059970457 8.152479138 -0.039343990 -0.045383607 -0.998194560 0.439611787 0.000000000 0.000000000 0.000000000 1.000000000 
1606847213923265 0.668181184 -0.743665276 0.022267956 108.464714666 -0.743599526 -0.666543425 0.052721987 6.811318708 -0.024364951 -0.051786281 -0.998360922 0.445575173 0.000000000 0.000000000 0.000000000 1.000000000 
1606847214173268 0.624036506 -0.781269153 0.014033867 109.609572098 -0.780966344 -0.622998481 0.044322263 5.342651120 -0.025884539 -0.038618688 -0.998918709 0.477385293 0.000000000 0.000000000 0.000000000 1.000000000 
1606847214422645 0.589230822 -0.807856524 0.013224073 110.687946392 -0.807681465 -0.588511950 0.036115605 3.812750237 -0.021393702 -0.031961266 -0.999260120 0.497028948 0.000000000 0.000000000 0.000000000 1.000000000 
1606847214672651 0.565737469 -0.824482150 0.013049916 111.732753626 -0.824416470 -0.565230364 0.029191084 2.224940929 -0.016691318 -0.027273056 -0.999488659 0.509264921 0.000000000 0.000000000 0.000000000 1.000000000 
1606847214922655 0.554622649 -0.831941094 0.016362579 112.779131357 -0.831881988 -0.553916649 0.033892536 0.616394327 -0.019133089 -0.032409303 -0.999291530 0.525836575 0.000000000 0.000000000 0.000000000 1.000000000 
1606847215172654 0.552835223 -0.833130813 0.016317647 113.841858357 -0.832834695 -0.551779145 0.043887883 -1.015042144 -0.027560611 -0.037852670 -0.998903193 0.544346864 0.000000000 0.000000000 0.000000000 1.000000000 
1606847215422660 0.554980841 -0.831793060 0.010796864 114.928754497 -0.830834632 -0.553602773 0.056901523 -2.657611876 -0.041353118 -0.040549663 -0.998321413 0.562177994 0.000000000 0.000000000 0.000000000 1.000000000 
1606847215672038 0.560035022 -0.828455174 0.004774838 116.015750366 -0.826990643 -0.558682283 0.062933166 -4.305709550 -0.049469689 -0.039193523 -0.998006321 0.572071665 0.000000000 0.000000000 0.000000000 1.000000000 
1606847215922039 0.568368557 -0.822773822 0.000649292 117.106595641 -0.821230527 -0.567253787 0.061673039 -5.957090588 -0.050374648 -0.035586235 -0.998096195 0.573338796 0.000000000 0.000000000 0.000000000 1.000000000 
1606847216172673 0.577928570 -0.816086616 -0.001097319 118.213582689 -0.814638426 -0.576982051 0.058787310 -7.600968105 -0.048608670 -0.033080947 -0.998269927 0.566466298 0.000000000 0.000000000 0.000000000 1.000000000 
1606847216423296 0.586732603 -0.809778136 -0.002054761 119.339662910 -0.808411245 -0.585885948 0.056647293 -9.230936219 -0.047075595 -0.031575722 -0.998392138 0.558283792 0.000000000 0.000000000 0.000000000 1.000000000 
1606847216673924 0.594971958 -0.803743617 -0.002137050 120.482517640 -0.802486134 -0.594185746 0.054399481 -10.851357119 -0.044993040 -0.030651213 -0.998516965 0.545284065 0.000000000 0.000000000 0.000000000 1.000000000 
1606847216924557 0.603692274 -0.797158561 -0.009688536 121.665099818 -0.795481729 -0.603134938 0.058626486 -12.464020777 -0.052578100 -0.027685303 -0.998232973 0.531764533 0.000000000 0.000000000 0.000000000 1.000000000 
1606847217175186 0.614941962 -0.788570032 0.001920659 122.835000553 -0.787522385 -0.613995697 0.053082744 -14.051363966 -0.040680185 -0.034155369 -0.998588270 0.511680396 0.000000000 0.000000000 0.000000000 1.000000000 
1606847217425198 0.630558738 -0.776141531 0.000040406 124.046714457 -0.775159898 -0.629758613 0.050311242 -15.626796323 -0.039023198 -0.031755515 -0.998733587 0.508694712 0.000000000 0.000000000 0.000000000 1.000000000 
1606847217674565 0.647125927 -0.762382083 -0.001262646 125.281941645 -0.761563420 -0.646506036 0.045289097 -17.169233363 -0.035343904 -0.028346163 -0.998973124 0.504962548 0.000000000 0.000000000 0.000000000 1.000000000 
1606847217924569 0.665879916 -0.745998177 0.009521417 126.539293927 -0.745627159 -0.665006207 0.042507472 -18.659112764 -0.025378696 -0.035404299 -0.999050778 0.501420161 0.000000000 0.000000000 0.000000000 1.000000000 
1606847218174575 0.682227373 -0.731014798 0.013534264 127.830564870 -0.730826813 -0.681276398 0.041888400 -20.112411325 -0.021400466 -0.038468616 -0.999030623 0.515438359 0.000000000 0.000000000 0.000000000 1.000000000 
1606847218424575 0.695959160 -0.718077116 0.002470345 129.154360468 -0.717541493 -0.695298430 0.041161872 -21.543525098 -0.027839771 -0.030419556 -0.999149437 0.534863505 0.000000000 0.000000000 0.000000000 1.000000000 
1606847218674585 0.708750629 -0.705398932 0.009213685 130.473628940 -0.705086793 -0.707891901 0.041733330 -22.913103126 -0.022916353 -0.036074971 -0.999086301 0.539246219 0.000000000 0.000000000 0.000000000 1.000000000 
1606847218923964 0.721133455 -0.692728776 0.009663471 131.806447656 -0.692443723 -0.720251596 0.041944361 -24.252611473 -0.022095936 -0.036938892 -0.999073214 0.551631034 0.000000000 0.000000000 0.000000000 1.000000000 
1606847219173964 0.732218470 -0.681069171 -0.000946947 133.157660905 -0.680650902 -0.731816133 0.034051407 -25.584252864 -0.023884354 -0.024288528 -0.999419634 0.561812464 0.000000000 0.000000000 0.000000000 1.000000000 
1606847219424594 0.744031876 -0.668042671 0.011642916 134.502090717 -0.667987467 -0.743367153 0.034612422 -26.847405264 -0.014467614 -0.033530067 -0.999332989 0.564769472 0.000000000 0.000000000 0.000000000 1.000000000 
1606847219673976 0.754819978 -0.655928451 0.002160770 135.874400395 -0.655621514 -0.754357231 0.033250539 -28.098959850 -0.020179982 -0.026514819 -0.999444712 0.573750174 0.000000000 0.000000000 0.000000000 1.000000000 
1606847219923350 0.764026783 -0.645103982 -0.010194511 137.258976144 -0.644607639 -0.763916377 0.030211926 -29.321838378 -0.027277588 -0.016511261 -0.999491526 0.578473826 0.000000000 0.000000000 0.000000000 1.000000000 
1606847220173352 0.774143281 -0.633010408 0.000065730 138.619707416 -0.632791580 -0.773872926 0.026372530 -30.495582737 -0.016643219 -0.020457710 -0.999652182 0.554741784 0.000000000 0.000000000 0.000000000 1.000000000 
1606847220423353 0.783872078 -0.620907652 -0.004272450 140.008369607 -0.620572861 -0.783643154 0.028155466 -31.639341298 -0.020830020 -0.019418917 -0.999594426 0.551302389 0.000000000 0.000000000 0.000000000 1.000000000 
1606847220672731 0.792927474 -0.609310704 -0.002547136 141.385965367 -0.608939121 -0.792577078 0.031854720 -32.732723270 -0.021428223 -0.023707431 -0.999489264 0.541778444 0.000000000 0.000000000 0.000000000 1.000000000 
1606847220922736 0.802231121 -0.597009262 0.002273634 142.750049116 -0.596742592 -0.801746420 0.033180655 -33.788283133 -0.017986281 -0.027975328 -0.999446784 0.536207653 0.000000000 0.000000000 0.000000000 1.000000000 
1606847221172120 0.810822710 -0.585239336 0.007839093 144.094091179 -0.585113660 -0.810172717 0.035527087 -34.796996204 -0.014440830 -0.033392929 -0.999337968 0.538621409 0.000000000 0.000000000 0.000000000 1.000000000 
1606847221422120 0.820979347 -0.570954285 0.002028851 145.432160156 -0.570702277 -0.820500303 0.032835399 -35.774278301 -0.017082838 -0.028115054 -0.999458714 0.547271672 0.000000000 0.000000000 0.000000000 1.000000000 
1606847221672751 0.836875695 -0.547388204 0.002285690 146.748254209 -0.547165269 -0.836399847 0.032333648 -36.681564087 -0.015787306 -0.028309894 -0.999474517 0.551607695 0.000000000 0.000000000 0.000000000 1.000000000 
1606847221923378 0.858395381 -0.512980367 0.002917839 148.042939582 -0.512872925 -0.858067011 0.026122142 -37.513799237 -0.010896444 -0.023919607 -0.999654500 0.554043761 0.000000000 0.000000000 0.000000000 1.000000000 
1606847222174009 0.886848957 -0.462053180 0.002405464 149.337639967 -0.461876818 -0.886340074 0.032727329 -38.218645628 -0.012989707 -0.030135226 -0.999461423 0.557116658 0.000000000 0.000000000 0.000000000 1.000000000 
1606847222424012 0.918997681 -0.394260645 0.001344195 150.604285592 -0.394138105 -0.918615581 0.028294307 -38.817233073 -0.009920534 -0.026532201 -0.999598732 0.562138226 0.000000000 0.000000000 0.000000000 1.000000000 
1606847222674013 0.950533981 -0.310606330 0.002976424 151.847064806 -0.310557238 -0.950102964 0.029301204 -39.256863977 -0.006273230 -0.028776140 -0.999566196 0.563125743 0.000000000 0.000000000 0.000000000 1.000000000 
1606847222924015 0.978224985 -0.207535450 -0.002217065 153.056917015 -0.207394877 -0.977860150 0.027872797 -39.548106422 -0.007952574 -0.026806059 -0.999609019 0.564070862 0.000000000 0.000000000 0.000000000 1.000000000 
1606847223174019 0.995826223 -0.091183562 -0.003961202 154.207218053 -0.091071348 -0.995586040 0.022681413 -39.688160243 -0.006011890 -0.022225994 -0.999734896 0.564765252 0.000000000 0.000000000 0.000000000 1.000000000 
1606847223424020 0.999362709 0.035536160 -0.003370161 155.294930308 0.035590649 -0.999208139 0.017787679 -39.674410874 -0.002735387 -0.017896289 -0.999836107 0.556250463 0.000000000 0.000000000 0.000000000 1.000000000 
1606847223674025 0.984385432 0.175910103 -0.006399832 156.319938045 0.175993612 -0.984253492 0.016471524 -39.506497727 -0.003401549 -0.017340657 -0.999843853 0.549166401 0.000000000 0.000000000 0.000000000 1.000000000 
1606847224174029 0.881441484 0.472092905 -0.013754967 158.102177244 0.472220848 -0.881442449 0.008165704 -38.753495343 -0.008269240 -0.013692973 -0.999872053 0.526953963 0.000000000 0.000000000 0.000000000 1.000000000 
1606847224674037 0.674253432 0.738396946 -0.012339340 159.412435604 0.738487999 -0.674243730 0.005555895 -37.524831616 -0.004217266 -0.012858536 -0.999908432 0.496339676 0.000000000 0.000000000 0.000000000 1.000000000 
1606847225174043 0.377214886 0.925990665 -0.015818293 160.194141583 0.926067801 -0.377327344 -0.004743722 -35.987881964 -0.010361317 -0.012859409 -0.999863630 0.468119581 0.000000000 0.000000000 0.000000000 1.000000000 
1606847225674051 0.033504147 0.999235607 -0.020141368 160.372678038 0.999320804 -0.033802768 -0.014673200 -34.329019476 -0.015342818 -0.019636075 -0.999689463 0.433692854 0.000000000 0.000000000 0.000000000 1.000000000 
1606847226174061 -0.298223619 0.954396175 -0.013806326 159.979363443 0.954381441 0.297932495 -0.019806393 -32.723460472 -0.014789792 -0.019083236 -0.999708504 0.397942877 0.000000000 0.000000000 0.000000000 1.000000000 
1606847226674074 -0.596339289 0.802721371 -0.004225356 159.039989401 0.802398234 0.595930830 -0.031992508 -31.194417978 -0.023163050 -0.022468807 -0.999479177 0.364821053 0.000000000 0.000000000 0.000000000 1.000000000 
1606847226923445 -0.715141230 0.698963421 -0.004812174 158.329915283 0.698653188 0.714579438 -0.035495765 -30.486683832 -0.021371560 -0.028746526 -0.999358241 0.352454559 0.000000000 0.000000000 0.000000000 1.000000000 
1606847227174078 -0.810408148 0.585865274 0.000717838 157.481115070 0.585361751 0.809761236 -0.040476674 -29.843695916 -0.024295155 -0.032382431 -0.999180226 0.340851317 0.000000000 0.000000000 0.000000000 1.000000000 
1606847227424076 -0.882499141 0.470208718 0.009951313 156.496995442 0.469625674 0.882154606 -0.035425662 -29.306657506 -0.025436052 -0.026589724 -0.999322768 0.333710154 0.000000000 0.000000000 0.000000000 1.000000000 
1606847227674078 -0.930379762 0.366415584 0.011537688 155.391510398 0.365941621 0.930137273 -0.030518583 -28.851622675 -0.021914118 -0.024171751 -0.999467607 0.328309297 0.000000000 0.000000000 0.000000000 1.000000000 
1606847227924085 -0.958662039 0.284451206 0.007389623 154.187822116 0.284228291 0.958493864 -0.022445289 -28.482063514 -0.013467498 -0.019417107 -0.999720762 0.336810457 0.000000000 0.000000000 0.000000000 1.000000000 
1606847228174087 -0.973245246 0.229554440 0.009922234 152.931844824 0.229223834 0.973003653 -0.026838875 -28.148765076 -0.015815353 -0.023846395 -0.999590528 0.334996653 0.000000000 0.000000000 0.000000000 1.000000000 
1606847228424091 -0.980423776 0.196362687 0.014522913 151.621254419 0.195964447 0.980290246 -0.025079250 -27.862286596 -0.019161299 -0.021742318 -0.999579970 0.339161093 0.000000000 0.000000000 0.000000000 1.000000000 
1606847228674092 -0.984266710 0.176033027 0.015212416 150.254290909 0.175680186 0.984200122 -0.022058855 -27.592711258 -0.018855149 -0.019039276 -0.999640930 0.342857222 0.000000000 0.000000000 0.000000000 1.000000000 
1606847228924096 -0.985877555 0.166957271 0.013065853 148.834386402 0.166679886 0.985807499 -0.020034742 -27.327419120 -0.016225362 -0.017573988 -0.999713905 0.354994546 0.000000000 0.000000000 0.000000000 1.000000000 
1606847229174149 -0.986009937 0.165488863 0.019945938 147.379145589 0.165308225 0.986187120 -0.010399769 -27.079200428 -0.021391473 -0.006957048 -0.999746970 0.363239122 0.000000000 0.000000000 0.000000000 1.000000000 
1606847229424103 -0.984700430 0.172919168 0.021541246 145.870657891 0.172681274 0.984898847 -0.012467485 -26.782867848 -0.023371815 -0.008556968 -0.999690220 0.375853303 0.000000000 0.000000000 0.000000000 1.000000000 
1606847229673820 -0.982209108 0.187312085 0.013395905 144.299780888 0.187184743 0.982271652 -0.010211498 -26.464066173 -0.015071155 -0.007522317 -0.999858127 0.394067992 0.000000000 0.000000000 0.000000000 1.000000000 
1606847229923489 -0.977483459 0.210542982 0.014062018 142.709534503 0.210323953 0.977507510 -0.015585321 -26.088828943 -0.017027108 -0.012276815 -0.999779654 0.403185545 0.000000000 0.000000000 0.000000000 1.000000000 
1606847230173492 -0.970556603 0.240162543 0.018488736 141.100068233 0.239823930 0.970634579 -0.018788229 -25.663048994 -0.022458036 -0.013800998 -0.999652524 0.414824350 0.000000000 0.000000000 0.000000000 1.000000000 
1606847230423493 -0.960082201 0.279162916 0.017613425 139.472682592 0.278794142 0.960125782 -0.020792064 -25.168937710 -0.022715477 -0.015051570 -0.999628660 0.432039802 0.000000000 0.000000000 0.000000000 1.000000000 
1606847230672870 -0.945270039 0.326005177 0.013607974 137.842155551 0.325708456 0.945253907 -0.020225055 -24.596137241 -0.019456464 -0.014685906 -0.999702841 0.447423328 0.000000000 0.000000000 0.000000000 1.000000000 
1606847230922872 -0.924621855 0.380763960 0.009655672 136.212157138 0.380587146 0.924603212 -0.016196402 -23.926944542 -0.015094671 -0.011300722 -0.999822206 0.457391364 0.000000000 0.000000000 0.000000000 1.000000000 
1606847231172259 -0.898459084 0.438952752 0.009578937 134.608130538 0.438821474 0.898477762 -0.013169095 -23.145002961 -0.014387072 -0.007628450 -0.999867401 0.460845063 0.000000000 0.000000000 0.000000000 1.000000000 
1606847231422263 -0.865738514 0.500397229 0.009971909 133.025693781 0.500304976 0.865786554 -0.010419867 -22.238474586 -0.013847617 -0.004031884 -0.999895988 0.462544729 0.000000000 0.000000000 0.000000000 1.000000000 
1606847231672890 -0.826942655 0.562285644 0.000837041 131.477485823 0.562212933 0.826857930 -0.014919176 -21.175964493 -0.009080953 -0.011866708 -0.999888353 0.465565131 0.000000000 0.000000000 0.000000000 1.000000000 
1606847231923517 -0.781697912 0.623652310 0.002484045 130.015591160 0.623460565 0.781545203 -0.022000452 -19.995933192 -0.015662026 -0.015649003 -0.999754875 0.458714772 0.000000000 0.000000000 0.000000000 1.000000000 
1606847232173518 -0.732631612 0.680615614 -0.003647973 128.626223523 0.680518476 0.732411011 -0.021649831 -18.704837914 -0.012063397 -0.018343864 -0.999758960 0.450173694 0.000000000 0.000000000 0.000000000 1.000000000 
1606847232423521 -0.682456620 0.730904067 0.005675094 127.345949907 0.730675056 0.682405137 -0.020909124 -17.335125292 -0.019155277 -0.010122920 -0.999765273 0.438954712 0.000000000 0.000000000 0.000000000 1.000000000 
1606847232673521 -0.638254895 0.769696969 0.014045080 126.135845392 0.769641505 0.638394903 -0.010193192 -15.894862501 -0.016811977 0.004303822 -0.999849406 0.442270203 0.000000000 0.000000000 0.000000000 1.000000000 
1606847232923530 -0.604862096 0.796281923 0.008771787 124.993098590 0.796168607 0.604924561 -0.013484210 -14.353948487 -0.016043502 -0.001172266 -0.999870608 0.452584485 0.000000000 0.000000000 0.000000000 1.000000000 
1606847233172912 -0.580666212 0.814121058 0.005801143 123.888046502 0.814038942 0.580691386 -0.011752246 -12.775833605 -0.012936424 -0.002101776 -0.999914112 0.461690751 0.000000000 0.000000000 0.000000000 1.000000000 
1606847233422911 -0.565122928 0.824851245 0.016015610 122.848701398 0.824427970 0.565347082 -0.026480169 -11.153331635 -0.030896579 -0.001760834 -0.999521036 0.460142392 0.000000000 0.000000000 0.000000000 1.000000000 
1606847233672913 -0.557318410 0.830290027 0.003828960 121.779372228 0.829907306 0.557191276 -0.028137977 -9.487155691 -0.025496145 -0.012504130 -0.999596715 0.478465362 0.000000000 0.000000000 0.000000000 1.000000000 
1606847233922918 -0.552786196 0.833270869 0.009331734 120.730695941 0.832712531 0.552775125 -0.032085851 -7.821451259 -0.031894555 -0.009965964 -0.999441553 0.476077448 0.000000000 0.000000000 0.000000000 1.000000000 
1606847234172921 -0.557880294 0.829877379 0.008550575 119.659847565 0.829267356 0.557819996 -0.033948565 -6.136042292 -0.032942828 -0.011848523 -0.999387003 0.480398734 0.000000000 0.000000000 0.000000000 1.000000000 
1606847234422927 -0.566799364 0.823837800 0.005455312 118.554446249 0.823274703 0.566635792 -0.033802990 -4.447904562 -0.030939356 -0.014668293 -0.999413627 0.484235921 0.000000000 0.000000000 0.000000000 1.000000000 
1606847234672311 -0.576858341 0.816837404 0.003332988 117.428810980 0.816298087 0.576617053 -0.034208304 -2.769217793 -0.029864480 -0.017012633 -0.999409167 0.483719398 0.000000000 0.000000000 0.000000000 1.000000000 
1606847234922308 -0.586743344 0.809771742 0.001405090 116.280756640 0.809196741 0.586390393 -0.036700698 -1.094214281 -0.030543119 -0.020396896 -0.999325315 0.480341399 0.000000000 0.000000000 0.000000000 1.000000000 
1606847235172309 -0.599849029 0.800113147 -0.000306628 115.111706047 0.799436981 0.599326264 -0.041334533 0.567922145 -0.032888533 -0.025039609 -0.999145316 0.473654223 0.000000000 0.000000000 0.000000000 1.000000000 
1606847235422938 -0.617781753 0.786349116 -0.000878866 113.908316117 0.785573946 0.617122353 -0.045095208 2.204167376 -0.034918209 -0.028549411 -0.998982307 0.465390713 0.000000000 0.000000000 0.000000000 1.000000000 
1606847235674193 -0.640867893 0.767645777 -0.002881875 112.658025510 0.766859037 0.640031557 -0.047820740 3.805323923 -0.034864898 -0.032856769 -0.998851777 0.454679009 0.000000000 0.000000000 0.000000000 1.000000000 
1606847235924819 -0.664586396 0.747190643 -0.005573603 111.364357459 0.746499053 0.663608680 -0.048607441 5.352571687 -0.032620334 -0.036464534 -0.998802409 0.443657098 0.000000000 0.000000000 0.000000000 1.000000000 
1606847236175451 -0.693763535 0.720112752 -0.011392200 110.029224058 0.719509952 0.692315646 -0.054813091 6.854301429 -0.031584608 -0.046224125 -0.998431642 0.423947621 0.000000000 0.000000000 0.000000000 1.000000000 
1606847236426705 -0.727071614 0.686560568 -0.001205796 108.639945016 0.685684165 0.726052493 -0.051817018 8.251712639 -0.034700050 -0.038501478 -0.998655868 0.405518042 0.000000000 0.000000000 0.000000000 1.000000000 
1606847236676707 -0.759727295 0.650169080 0.009726477 107.206004009 0.649072123 0.759172603 -0.048603887 9.558266651 -0.038984820 -0.030612515 -0.998770773 0.400226635 0.000000000 0.000000000 0.000000000 1.000000000 
1606847236926710 -0.793956518 0.607930323 0.007332879 105.714764480 0.606870294 0.793183429 -0.050680311 10.796397148 -0.036626416 -0.035787856 -0.998688007 0.422685916 0.000000000 0.000000000 0.000000000 1.000000000 
1606847237176087 -0.832149794 0.554179501 0.020292906 104.195168592 0.552728205 0.831823634 -0.050606064 11.906459186 -0.044924962 -0.030895364 -0.998512506 0.436987862 0.000000000 0.000000000 0.000000000 1.000000000 
1606847237426090 -0.870929077 0.490498683 0.029892875 102.611108615 0.488781079 0.870950128 -0.050387819 12.888441120 -0.050750362 -0.029273145 -0.998282267 0.477135996 0.000000000 0.000000000 0.000000000 1.000000000 
1606847237676095 -0.905138096 0.424365930 0.025270218 100.945244967 0.423026413 0.904981666 -0.045352385 13.746519922 -0.042115091 -0.030360201 -0.998651379 0.531392926 0.000000000 0.000000000 0.000000000 1.000000000 
1606847237926095 -0.932805130 0.359744549 0.021411402 99.216169691 0.358713805 0.932557745 -0.040748719 14.486547397 -0.034626499 -0.030330048 -0.998939985 0.563106026 0.000000000 0.000000000 0.000000000 1.000000000 
1606847238176101 -0.953707508 0.300198002 0.017976328 97.426762864 0.299444580 0.953447931 -0.035636861 15.116685594 -0.027837607 -0.028604228 -0.999203115 0.594856920 0.000000000 0.000000000 0.000000000 1.000000000 
1606847238426105 -0.972066131 0.233986153 0.018382511 95.585892288 0.233313663 0.971848491 -0.032790935 15.636068071 -0.025537640 -0.027586066 -0.999293169 0.618000528 0.000000000 0.000000000 0.000000000 1.000000000 
1606847238676735 -0.985322667 0.169290182 0.021910655 93.690735171 0.168565399 0.985185851 -0.031536416 16.036266417 -0.026924873 -0.027380167 -0.999262417 0.643536783 0.000000000 0.000000000 0.000000000 1.000000000 
1606847238926113 -0.994272890 0.104920203 0.020326604 91.748538248 0.104253117 0.994052118 -0.031490855 16.319488082 -0.023509731 -0.029191391 -0.999297331 0.673024744 0.000000000 0.000000000 0.000000000 1.000000000 
1606847239176743 -0.998147044 0.051777134 0.031962584 89.779365865 0.050729571 0.998175007 -0.032759217 16.496548945 -0.033600431 -0.031077068 -0.998952064 0.705472319 0.000000000 0.000000000 0.000000000 1.000000000 
1606847239426743 -0.999529231 -0.001160450 0.030658927 87.762825630 -0.002142816 0.999484663 -0.032028360 16.570221744 -0.030605960 -0.032078979 -0.999016624 0.754503648 0.000000000 0.000000000 0.000000000 1.000000000 
1606847239676124 -0.998436827 -0.051751939 0.021110177 85.717367507 -0.052254569 0.998345442 -0.023996617 16.520773246 -0.019833377 -0.025062209 -0.999489131 0.803187826 0.000000000 0.000000000 0.000000000 1.000000000 
1606847239926753 -0.994997474 -0.098402424 0.017233361 83.654657239 -0.098684565 0.994984179 -0.016365827 16.370026127 -0.015536484 -0.017984623 -0.999717546 0.832022526 0.000000000 0.000000000 0.000000000 1.000000000 
1606847240176127 -0.989993513 -0.138518108 0.026936569 81.629465409 -0.138964742 0.990176419 -0.015474471 16.150154444 -0.024528461 -0.019062860 -0.999517365 0.863136578 0.000000000 0.000000000 0.000000000 1.000000000 
1606847240426140 -0.984156034 -0.176089429 0.020722321 79.585153129 -0.176437800 0.984175498 -0.016379615 15.853008338 -0.017510124 -0.019776298 -0.999651086 0.907719482 0.000000000 0.000000000 0.000000000 1.000000000 
1606847240676135 -0.977850563 -0.208624398 0.016856398 77.566512421 -0.208748567 0.977951196 -0.005957631 15.461713198 -0.015241828 -0.009344422 -0.999840171 0.943950001 0.000000000 0.000000000 0.000000000 1.000000000 
1606847240926145 -0.970741407 -0.238066482 0.031392213 75.583038272 -0.238338957 0.971168169 -0.005189371 15.035539376 -0.029251703 -0.012519525 -0.999493671 0.973836198 0.000000000 0.000000000 0.000000000 1.000000000 
1606847241176146 -0.965724716 -0.258057056 0.027970133 73.571244407 -0.258101534 0.966115579 0.002070457 14.534159537 -0.027556677 -0.005219643 -0.999606615 1.024795310 0.000000000 0.000000000 0.000000000 1.000000000 
1606847241426147 -0.962881199 -0.269036947 0.021884192 71.544612525 -0.269026017 0.963126560 0.003497281 14.011011005 -0.022018145 -0.002519951 -0.999754395 1.068221039 0.000000000 0.000000000 0.000000000 1.000000000 
1606847241675521 -0.961319643 -0.274890676 0.017310677 69.512162929 -0.274865510 0.961474922 0.003863358 13.471797368 -0.017705782 -0.001044186 -0.999842695 1.097600099 0.000000000 0.000000000 0.000000000 1.000000000 
1606847241925529 -0.960355493 -0.278658780 0.008161542 67.455069127 -0.278634716 0.960388935 0.003973381 12.918587909 -0.008945472 0.001541770 -0.999958800 1.117852391 0.000000000 0.000000000 0.000000000 1.000000000 
1606847242175534 -0.959207055 -0.282512004 0.010430434 65.408815472 -0.282455856 0.959257984 0.006542984 12.355676218 -0.011853949 0.003329940 -0.999924195 1.125736523 0.000000000 0.000000000 0.000000000 1.000000000 
1606847242425530 -0.959831232 -0.280260022 0.013353884 63.360367524 -0.279993766 0.959816968 0.018838212 11.767890023 -0.018096882 0.014342500 -0.999733362 1.137987694 0.000000000 0.000000000 0.000000000 1.000000000 
1606847242675541 -0.961098644 -0.275790082 0.015140254 61.293837750 -0.275476511 0.961100859 0.019945710 11.208025672 -0.020052140 0.014999010 -0.999686422 1.158523590 0.000000000 0.000000000 0.000000000 1.000000000 
1606847242925579 -0.962640380 -0.270328948 0.015676706 59.214411518 -0.270114111 0.962718526 0.014539828 10.672061823 -0.019022791 0.009762126 -0.999771391 1.180002187 0.000000000 0.000000000 0.000000000 1.000000000 
1606847243174922 -0.963838120 -0.266264861 0.010913418 57.130361829 -0.266195466 0.963890596 0.007408967 10.151312402 -0.012492089 0.004235942 -0.999912998 1.204711054 0.000000000 0.000000000 0.000000000 1.000000000 
