1619726114957886 0.814018470 -0.580838987 -0.000041799 -1.748771685 0.580605778 0.813689594 0.028393214 -0.254723254 -0.016457874 -0.023136869 0.999596831 0.010773337 0.000000000 0.000000000 0.000000000 1.000000000 
1619726128438965 0.802700322 -0.596378403 0.002234856 -0.520181733 0.596094974 0.802423940 0.028046439 -0.053702989 -0.018519592 -0.021180699 0.999604123 0.026538797 0.000000000 0.000000000 0.000000000 1.000000000 
1619726128957520 0.787855958 -0.615853675 0.002690802 0.482737054 0.615581870 0.787624397 0.026585171 0.083628552 -0.018491917 -0.019288876 0.999642930 0.035385895 0.000000000 0.000000000 0.000000000 1.000000000 
1619726129476074 0.767542704 -0.640993790 0.002271143 1.838759336 0.640759967 0.767349599 0.024520559 0.230020964 -0.017460286 -0.017365318 0.999696746 0.047811367 0.000000000 0.000000000 0.000000000 1.000000000 
1619726129994385 0.754576365 -0.656099935 0.012140258 3.518129362 0.655925022 0.754664316 0.015624872 0.396036844 -0.019413297 -0.003827060 0.999804220 0.059363099 0.000000000 0.000000000 0.000000000 1.000000000 
1619726130512695 0.742591117 -0.669348369 0.023047652 5.510008816 0.669238637 0.742928102 0.013322258 0.549578188 -0.026039980 0.005531389 0.999645599 0.083260481 0.000000000 0.000000000 0.000000000 1.000000000 
1619726130720093 0.737981147 -0.674300571 0.026505968 6.367781885 0.674167054 0.738425909 0.015031943 0.602317458 -0.029708741 0.006776160 0.999535629 0.092280848 0.000000000 0.000000000 0.000000000 1.000000000 
1619726130927735 0.734950695 -0.677638799 0.025556500 7.252230764 0.677480405 0.735372439 0.015737768 0.648582299 -0.029458068 0.005747545 0.999549493 0.105987195 0.000000000 0.000000000 0.000000000 1.000000000 
1619726131239014 0.730654118 -0.682189061 0.027616028 8.611431537 0.682101323 0.731124685 0.013945572 0.721713648 -0.029704276 0.008647540 0.999521323 0.142304951 0.000000000 0.000000000 0.000000000 1.000000000 
1619726131446533 0.727850814 -0.685184142 0.027493356 9.520056832 0.684962073 0.728348999 0.018294665 0.756391700 -0.032559973 0.005516119 0.999454562 0.161665986 0.000000000 0.000000000 0.000000000 1.000000000 
1619726131757446 0.723965395 -0.689183686 0.029999231 10.859056606 0.688824544 0.724574119 0.022651568 0.806884678 -0.037347757 0.004265255 0.999293227 0.199401291 0.000000000 0.000000000 0.000000000 1.000000000 
1619726131964844 0.722041525 -0.691336910 0.026632917 11.741630100 0.690970085 0.722529565 0.022613478 0.834029068 -0.034876603 0.002074679 0.999389473 0.223607153 0.000000000 0.000000000 0.000000000 1.000000000 
1619726132275879 0.720197770 -0.693457983 0.020765301 13.038699797 0.693423644 0.720460984 0.009981000 0.885943822 -0.021881994 0.007210857 0.999734556 0.264923049 0.000000000 0.000000000 0.000000000 1.000000000 
1619726132690552 0.725508191 -0.687466791 0.032051133 14.589253222 0.687033563 0.726204403 0.024739612 0.939377136 -0.040283336 0.004071413 0.999180002 0.309456074 0.000000000 0.000000000 0.000000000 1.000000000 
1619726133208985 0.743239053 -0.668220252 0.032823845 16.365921866 0.668304178 0.743821479 0.009956546 1.067181336 -0.031068247 0.014536219 0.999411558 0.383589011 0.000000000 0.000000000 0.000000000 1.000000000 
1619726133727905 0.758819962 -0.650172029 0.038322294 17.923056634 0.650259663 0.759619836 0.011835338 1.209796751 -0.036805381 0.015938552 0.999195340 0.423869590 0.000000000 0.000000000 0.000000000 1.000000000 
1619726134246704 0.771905990 -0.634628486 0.037521015 19.359305184 0.634815576 0.772619903 0.008226163 1.373297671 -0.034210040 0.017469100 0.999261980 0.468848988 0.000000000 0.000000000 0.000000000 1.000000000 
1619726134764893 0.784261947 -0.619434501 0.035129724 20.694259893 0.619576603 0.784895448 0.007997979 1.545953044 -0.032527384 0.015493045 0.999350757 0.507724673 0.000000000 0.000000000 0.000000000 1.000000000 
1619726135179443 0.793404217 -0.607887495 0.031345524 21.731584732 0.607967363 0.793921592 0.008011905 1.694337561 -0.029756226 0.012700376 0.999476497 0.530411098 0.000000000 0.000000000 0.000000000 1.000000000 
1619726135697998 0.804799304 -0.592717567 0.031368234 23.080663314 0.592678469 0.805356579 0.011533094 1.913671658 -0.032098481 0.009309451 0.999441355 0.562497440 0.000000000 0.000000000 0.000000000 1.000000000 
1619726136216797 0.816319713 -0.577044603 0.025330853 24.635342604 0.576750131 0.816712515 0.018437870 2.183097008 -0.031327498 -0.000441624 0.999509076 0.590664848 0.000000000 0.000000000 0.000000000 1.000000000 
1619726136735596 0.825179400 -0.563916882 0.032813221 26.406058505 0.563683535 0.825818816 0.016856918 2.548898100 -0.036603676 0.004586291 0.999319337 0.630618609 0.000000000 0.000000000 0.000000000 1.000000000 
1619726137253662 0.832066086 -0.553764686 0.031791517 28.442957138 0.553433276 0.832671671 0.019222306 2.979289824 -0.037116530 0.001600254 0.999309663 0.685418475 0.000000000 0.000000000 0.000000000 1.000000000 
1619726137461060 0.833605259 -0.551630051 0.028399983 29.339824036 0.551209297 0.834085400 0.021676170 3.172412633 -0.035645238 -0.002415035 0.999361589 0.694261091 0.000000000 0.000000000 0.000000000 1.000000000 
1619726137772217 0.836260010 -0.548222300 0.011022904 30.798054441 0.548090518 0.836319030 0.012933101 3.481965814 -0.016308879 -0.004773886 0.999855605 0.731998357 0.000000000 0.000000000 0.000000000 1.000000000 
1619726137979614 0.838008386 -0.545159853 0.023295486 31.799826434 0.545133381 0.838310863 0.008030826 3.733272212 -0.023906942 0.005969248 0.999696367 0.753309220 0.000000000 0.000000000 0.000000000 1.000000000 
1619726138187012 0.838770611 -0.544140745 0.019357494 32.857208326 0.543679430 0.838933396 0.024564911 3.949232723 -0.029606417 -0.010080054 0.999510807 0.750999461 0.000000000 0.000000000 0.000000000 1.000000000 
1619726138498291 0.838477057 -0.544569151 0.020016601 34.545077278 0.544707519 0.838624172 -0.001793697 4.367172898 -0.015809613 0.012407167 0.999798039 0.789515530 0.000000000 0.000000000 0.000000000 1.000000000 
1619726138705689 0.838751334 -0.544387378 0.011772127 35.697480450 0.544434966 0.838802427 -0.001027833 4.617243154 -0.009314949 0.007271254 0.999930178 0.799798928 0.000000000 0.000000000 0.000000000 1.000000000 
1619726139016846 0.837638114 -0.546183386 0.006789641 37.437949519 0.546211830 0.837640522 -0.003315383 5.008625026 -0.003876471 0.006485673 0.999971454 0.801601511 0.000000000 0.000000000 0.000000000 1.000000000 
1619726139224121 0.837211367 -0.546490512 0.020621530 38.573239190 0.546570694 0.837410524 0.002022588 5.279578375 -0.018374012 0.009577790 0.999785308 0.806850894 0.000000000 0.000000000 0.000000000 1.000000000 
1619726139431397 0.837706134 -0.545835880 0.017652939 39.728614360 0.545821642 0.837879619 0.006039855 5.531433738 -0.018087807 0.004575733 0.999825932 0.804656949 0.000000000 0.000000000 0.000000000 1.000000000 
1619726139742554 0.838142065 -0.545354042 0.010336714 41.472417186 0.545451664 0.838011913 -0.014782310 5.940098907 -0.000600697 0.018027854 0.999837305 0.835624348 0.000000000 0.000000000 0.000000000 1.000000000 
1619726139949951 0.836617534 -0.547707898 0.009335987 42.599678357 0.547716907 0.836661810 0.001790205 6.173775235 -0.008791574 0.003615761 0.999954816 0.829154465 0.000000000 0.000000000 0.000000000 1.000000000 
1619726140261231 0.835140380 -0.549954065 0.009543219 44.293405306 0.549983098 0.835175629 -0.000509419 6.554600266 -0.007690107 0.005674046 0.999954333 0.829804885 0.000000000 0.000000000 0.000000000 1.000000000 
1619726140468750 0.835669571 -0.549210559 0.004912157 45.444779788 0.549212982 0.835681862 0.000961987 6.799687886 -0.004633334 0.001893918 0.999987473 0.834683382 0.000000000 0.000000000 0.000000000 1.000000000 
1619726140779785 0.837342669 -0.546525853 0.012913057 47.207077638 0.546599228 0.837389780 -0.002764110 7.207037047 -0.009302604 0.009372774 0.999912803 0.830790595 0.000000000 0.000000000 0.000000000 1.000000000 
1619726140987183 0.838638634 -0.544426639 0.016878256 48.412660411 0.544518631 0.838748103 -0.001039817 7.485703321 -0.013590501 0.010062555 0.999857011 0.829211623 0.000000000 0.000000000 0.000000000 1.000000000 
1619726141194580 0.839803124 -0.542799493 0.009971132 49.655314366 0.542814721 0.839851397 0.001345282 7.764357250 -0.009104488 0.004282705 0.999949382 0.829546486 0.000000000 0.000000000 0.000000000 1.000000000 
1619726141505615 0.840702610 -0.541448379 0.007264606 51.570056211 0.541482299 0.840703185 -0.003882533 8.209840802 -0.004005186 0.007197711 0.999966075 0.832377963 0.000000000 0.000000000 0.000000000 1.000000000 
1619726141713135 0.842878785 -0.538045374 0.007907563 52.875104340 0.538027235 0.842915725 0.004446924 8.506414855 -0.009058056 0.000506266 0.999958847 0.822865750 0.000000000 0.000000000 0.000000000 1.000000000 
1619726142024170 0.846344095 -0.532634096 0.001610438 54.896513565 0.532614612 0.846332828 0.006512950 8.982202645 -0.004831985 -0.004654454 0.999977494 0.823348979 0.000000000 0.000000000 0.000000000 1.000000000 
1619726142231568 0.849764597 -0.527128878 -0.005939276 56.281098390 0.527152428 0.849763770 0.003442772 9.320460794 0.003232197 -0.006056449 0.999976436 0.822009730 0.000000000 0.000000000 0.000000000 1.000000000 
1619726142439087 0.852762392 -0.522183272 -0.010996969 57.681949354 0.522232236 0.852801059 0.001960860 9.669582115 0.008354299 -0.007415120 0.999937609 0.810212722 0.000000000 0.000000000 0.000000000 1.000000000 
1619726142750244 0.856196938 -0.516591690 -0.007734927 59.807601457 0.516628326 0.856201580 0.003745303 10.224946812 0.004687864 -0.007202799 0.999963071 0.783322073 0.000000000 0.000000000 0.000000000 1.000000000 
1619726142957642 0.858714179 -0.512360458 -0.009834664 61.258906475 0.512413313 0.858730765 0.003750936 10.608194348 0.006523497 -0.008260395 0.999944603 0.771541604 0.000000000 0.000000000 0.000000000 1.000000000 
1619726143268799 0.862307291 -0.506385220 -0.000379980 63.472400961 0.506382044 0.862298681 0.004267276 11.222241229 -0.001833229 -0.003872118 0.999990823 0.749278437 0.000000000 0.000000000 0.000000000 1.000000000 
1619726143476196 0.864659508 -0.502358149 -0.000473581 64.989803245 0.502356742 0.864653915 0.003363211 11.646470798 -0.001280053 -0.003145939 0.999994232 0.743584898 0.000000000 0.000000000 0.000000000 1.000000000 
1619726143683594 0.866246897 -0.499615961 0.000452747 66.531732843 0.499604136 0.866231971 0.006154746 12.081271258 -0.003467193 -0.005105335 0.999980957 0.734025964 0.000000000 0.000000000 0.000000000 1.000000000 
1619726143994751 0.867050830 -0.498179890 -0.006297281 68.893738334 0.498175420 0.867073024 -0.002371226 12.756367515 0.006641499 -0.001081178 0.999977361 0.725128485 0.000000000 0.000000000 0.000000000 1.000000000 
1619726144202149 0.865640007 -0.500588252 -0.008875815 70.475222542 0.500536014 0.865683039 -0.007521643 13.206948041 0.011448889 0.002068370 0.999932320 0.706768578 0.000000000 0.000000000 0.000000000 1.000000000 
1619726144513184 0.859964845 -0.510244777 -0.010522997 72.851773644 0.510100491 0.860005047 -0.013740737 13.866632309 0.016060969 0.006448765 0.999850218 0.665743560 0.000000000 0.000000000 0.000000000 1.000000000 
1619726144720703 0.852040219 -0.523358104 -0.011124766 74.446397600 0.523148669 0.852066398 -0.017272031 14.281540184 0.018518496 0.008896558 0.999788936 0.631567745 0.000000000 0.000000000 0.000000000 1.000000000 
1619726145031983 0.834749152 -0.550629777 0.000837929 76.838629373 0.550491957 0.834504160 -0.023694144 14.860106290 0.012347446 0.020239940 0.999718903 0.578335790 0.000000000 0.000000000 0.000000000 1.000000000 
1619726145239502 0.817024286 -0.576582373 0.004907540 78.442545282 0.576554472 0.816814854 -0.019960840 15.176479393 0.007500517 0.019137955 0.999788718 0.549466132 0.000000000 0.000000000 0.000000000 1.000000000 
1619726145447022 0.797450204 -0.603370930 0.004085641 80.066456761 0.603217800 0.797051985 -0.028920896 15.447854491 0.014193560 0.025527506 0.999573354 0.528879114 0.000000000 0.000000000 0.000000000 1.000000000 
1619726145758057 0.763549433 -0.645736556 0.004069803 82.489166042 0.645591950 0.763208963 -0.026890760 15.724865145 0.014258237 0.023159856 0.999630093 0.482355867 0.000000000 0.000000000 0.000000000 1.000000000 
1619726145965332 0.739160974 -0.673408353 0.012737543 84.088672046 0.673500057 0.738822497 -0.023216159 15.844409974 0.006223172 0.025739214 0.999649321 0.452852787 0.000000000 0.000000000 0.000000000 1.000000000 
1619726146276001 0.699293237 -0.714789281 0.008077907 86.514552276 0.714609350 0.698744065 -0.033018305 15.904949346 0.017956741 0.028862026 0.999422102 0.432202809 0.000000000 0.000000000 0.000000000 1.000000000 
1619726146483154 0.667420249 -0.744607608 0.010474844 88.134278283 0.744315803 0.666586050 -0.040706544 15.867641975 0.023328018 0.034964964 0.999116237 0.395016493 0.000000000 0.000000000 0.000000000 1.000000000 
1619726146690674 0.630301710 -0.776274622 0.010838145 89.757538781 0.775901056 0.629400764 -0.042804552 15.745708143 0.026406550 0.035389111 0.999024677 0.355840854 0.000000000 0.000000000 0.000000000 1.000000000 
1619726147001953 0.567067575 -0.823335986 0.023499368 92.166920768 0.823573935 0.566331157 -0.031543527 15.401266796 0.012662497 0.037240778 0.999226093 0.305323304 0.000000000 0.000000000 0.000000000 1.000000000 
1619726147209595 0.522792267 -0.852185407 0.021639706 93.785795513 0.852234726 0.521901914 -0.036254153 15.061904517 0.019601456 0.037395500 0.999108282 0.288149560 0.000000000 0.000000000 0.000000000 1.000000000 
1619726147520874 0.453344465 -0.890889002 0.028206075 96.169415062 0.891111016 0.452293343 -0.036768051 14.404413472 0.019998833 0.041803336 0.998925687 0.258652393 0.000000000 0.000000000 0.000000000 1.000000000 
1619726147728272 0.405891572 -0.913590349 0.024590771 97.734681664 0.913505201 0.404748127 -0.041075560 13.849774957 0.027573167 0.039136021 0.998853389 0.243810900 0.000000000 0.000000000 0.000000000 1.000000000 
1619726147935547 0.356452412 -0.933914193 0.027312240 99.271189639 0.933680685 0.354983063 -0.047195371 13.223276424 0.034381044 0.042323815 0.998512213 0.220505067 0.000000000 0.000000000 0.000000000 1.000000000 
1619726148246582 0.267255361 -0.963356602 0.022773462 101.513198640 0.962003072 0.265359879 -0.064297931 12.109900959 0.055898674 0.039092108 0.997670860 0.171399680 0.000000000 0.000000000 0.000000000 1.000000000 
1619726148453858 0.201141636 -0.979111375 0.029714606 102.913545599 0.978319716 0.199266714 -0.056420827 11.252510447 0.049321142 0.040418962 0.997964795 0.131727038 0.000000000 0.000000000 0.000000000 1.000000000 
1619726148765137 0.103165560 -0.994090629 0.033774081 104.885943312 0.994017777 0.101815092 -0.039526515 9.781633950 0.035854227 0.037649812 0.998647569 0.094582768 0.000000000 0.000000000 0.000000000 1.000000000 
1619726148972412 0.043472041 -0.998409210 0.035905858 106.125008704 0.998478374 0.042198373 -0.035499765 8.708697942 0.033928123 0.037394470 0.998724455 0.087146832 0.000000000 0.000000000 0.000000000 1.000000000 
1619726149179688 -0.011614017 -0.998797698 0.047626382 107.302040400 0.999345967 -0.013225240 -0.033656085 7.586175525 0.034245490 0.047204351 0.998298050 0.090171603 0.000000000 0.000000000 0.000000000 1.000000000 
1619726149490601 -0.087702255 -0.995118278 0.045254033 108.939838509 0.995915504 -0.088570148 -0.017539593 5.754983520 0.021462126 0.043530931 0.998821523 0.110153912 0.000000000 0.000000000 0.000000000 1.000000000 
1619726149697998 -0.127250767 -0.991245443 0.035209563 109.992048850 0.991544830 -0.128038501 -0.021094852 4.447442892 0.025418355 0.032227524 0.999157292 0.135253473 0.000000000 0.000000000 0.000000000 1.000000000 
1619726150009033 -0.172879314 -0.984415773 0.032223101 111.488880677 0.984780442 -0.173352642 -0.012503685 2.417264537 0.017894784 0.029571052 0.999402486 0.146256995 0.000000000 0.000000000 0.000000000 1.000000000 
1619726150216431 -0.193258281 -0.980488533 0.035964888 112.470366699 0.980900374 -0.193903037 -0.015364548 1.025567979 0.022038464 0.032308646 0.999234936 0.161903866 0.000000000 0.000000000 0.000000000 1.000000000 
1619726150527710 -0.211711782 -0.976230733 0.046386178 113.927640961 0.976829008 -0.212887070 -0.022004179 -1.104410748 0.031356173 0.040652820 0.998681200 0.183901422 0.000000000 0.000000000 0.000000000 1.000000000 
1619726150735352 -0.217769447 -0.974714315 0.050084642 114.902921450 0.975114578 -0.219470821 -0.031370669 -2.555711796 0.041569557 0.042006691 0.998252177 0.198765990 0.000000000 0.000000000 0.000000000 1.000000000 
1619726150942749 -0.217905137 -0.974725603 0.049268137 115.875773711 0.974835695 -0.219807467 -0.037148952 -4.026067720 0.047039539 0.039933391 0.998094488 0.208033807 0.000000000 0.000000000 0.000000000 1.000000000 
1619726151254028 -0.212034815 -0.976164942 0.046295176 117.350656582 0.976067670 -0.213879344 -0.039338643 -6.254804720 0.048302586 0.036846062 0.998152908 0.207248771 0.000000000 0.000000000 0.000000000 1.000000000 
1619726151461548 -0.202960245 -0.978341160 0.040690458 118.350804558 0.978186064 -0.204456082 -0.036738747 -7.756292484 0.044262440 0.032346333 0.998496145 0.202048269 0.000000000 0.000000000 0.000000000 1.000000000 
1619726151772705 -0.182506220 -0.982473231 0.037918734 119.908969673 0.982420647 -0.183764898 -0.032865397 -10.005284458 0.039257505 0.031254008 0.998740224 0.189076502 0.000000000 0.000000000 0.000000000 1.000000000 
1619726151979859 -0.166132685 -0.985497359 0.034567137 120.998788325 0.985146258 -0.167413540 -0.038204157 -11.504728112 0.043437103 0.027706727 0.998671896 0.178410791 0.000000000 0.000000000 0.000000000 1.000000000 
1619726152187256 -0.147887516 -0.988542754 0.030207727 122.118593858 0.987917397 -0.149087577 -0.042333342 -12.987508527 0.046351915 0.023582166 0.998646775 0.165012042 0.000000000 0.000000000 0.000000000 1.000000000 
1619726152498291 -0.121979154 -0.991866255 0.036365055 123.821565717 0.991918459 -0.123110579 -0.030684796 -15.151017057 0.034912137 0.032328264 0.998867372 0.140901132 0.000000000 0.000000000 0.000000000 1.000000000 
1619726152705811 -0.105380931 -0.993994925 0.029477935 124.993697880 0.993874546 -0.106267931 -0.030339953 -16.584401050 0.033290318 0.026100116 0.999104869 0.142060040 0.000000000 0.000000000 0.000000000 1.000000000 
1619726153017090 -0.080351039 -0.996057972 0.037579604 126.780806319 0.996475624 -0.081181421 -0.021116503 -18.663393514 0.024084027 0.035750426 0.999070501 0.135482012 0.000000000 0.000000000 0.000000000 1.000000000 
1619726153224732 -0.065613580 -0.996990735 0.041283569 127.995404200 0.997630867 -0.066400610 -0.017989239 -20.018136371 0.020676359 0.040005424 0.998985513 0.148984840 0.000000000 0.000000000 0.000000000 1.000000000 
1619726153432129 -0.052887054 -0.998145491 0.030141959 129.230012255 0.998155277 -0.053740626 -0.028248697 -21.362356397 0.029816158 0.028592365 0.999146372 0.170186969 0.000000000 0.000000000 0.000000000 1.000000000 
1619726153743286 -0.036986995 -0.998459729 0.041353737 131.061330654 0.999072901 -0.037858582 -0.020495501 -23.293090401 0.022029526 0.040557331 0.998934334 0.174869661 0.000000000 0.000000000 0.000000000 1.000000000 
1619726153950684 -0.031818195 -0.998805104 0.037094030 132.292213382 0.999165831 -0.032736332 -0.024412599 -24.565560431 0.025597751 0.036286322 0.999013542 0.193211441 0.000000000 0.000000000 0.000000000 1.000000000 
1619726154261597 -0.030099583 -0.999065528 0.031017513 134.104495565 0.999293414 -0.030776286 -0.021575278 -26.449379927 0.022509721 0.030346189 0.999285956 0.206471118 0.000000000 0.000000000 0.000000000 1.000000000 
1619726154468994 -0.029342425 -0.998874607 0.037263136 135.294551603 0.999424376 -0.029952821 -0.015929354 -27.676188159 0.017027563 0.036774281 0.999178520 0.207499064 0.000000000 0.000000000 0.000000000 1.000000000 
1619726154779907 -0.031632839 -0.999354222 0.017044149 137.085369234 0.998995729 -0.032153677 -0.031203763 -29.528984784 0.031731645 0.016039968 0.999367711 0.228898417 0.000000000 0.000000000 0.000000000 1.000000000 
1619726154987305 -0.031044438 -0.999228483 0.024055795 138.232663823 0.999305655 -0.031524933 -0.019859175 -30.721727006 0.020602211 0.023422575 0.999513348 0.206816720 0.000000000 0.000000000 0.000000000 1.000000000 
1619726155194702 -0.029796462 -0.999227701 0.025615878 139.380663260 0.999312801 -0.030344700 -0.021286744 -31.900624908 0.022047610 0.024964006 0.999445197 0.206515475 0.000000000 0.000000000 0.000000000 1.000000000 
1619726155505860 -0.022392995 -0.999620516 0.016042970 141.061267966 0.999547145 -0.022708231 -0.019744375 -33.634589435 0.020101189 0.015593569 0.999676339 0.207558011 0.000000000 0.000000000 0.000000000 1.000000000 
1619726155713135 -0.004842318 -0.999784858 0.020169036 142.151663235 0.999923911 -0.005069857 -0.011245792 -34.721298840 0.011345627 0.020113046 0.999733336 0.205766129 0.000000000 0.000000000 0.000000000 1.000000000 
1619726156023926 0.041953119 -0.998938561 0.019018050 143.783652707 0.999112564 0.041873885 -0.004545672 -36.235930839 0.003744487 0.019191878 0.999808807 0.220181985 0.000000000 0.000000000 0.000000000 1.000000000 
1619726156231201 0.087905787 -0.996003910 0.015772851 144.887262386 0.996065919 0.087711316 -0.012625793 -37.143838976 0.011191882 0.016820679 0.999795882 0.237453040 0.000000000 0.000000000 0.000000000 1.000000000 
1619726156438477 0.145124887 -0.989219971 0.019560577 145.981378249 0.989384522 0.144941395 -0.010500434 -37.945568261 0.007552101 0.020876806 0.999753532 0.240707165 0.000000000 0.000000000 0.000000000 1.000000000 
1619726156749390 0.254161065 -0.967071675 0.013210885 147.640613202 0.967119307 0.253997958 -0.012856249 -38.953448798 0.009077376 0.016044060 0.999830080 0.248268809 0.000000000 0.000000000 0.000000000 1.000000000 
1619726156956787 0.344858321 -0.938628345 0.007040495 148.742042323 0.938630131 0.344785253 -0.009828851 -39.470555494 0.006798179 0.009997982 0.999926910 0.250343714 0.000000000 0.000000000 0.000000000 1.000000000 
1619726157268067 0.490702887 -0.871288877 0.008146745 150.378435194 0.871257888 0.490524811 -0.017178562 -39.949267660 0.010971310 0.015527486 0.999819247 0.244273135 0.000000000 0.000000000 0.000000000 1.000000000 
1619726157475708 0.586364353 -0.809988894 0.009738457 151.415357873 0.809996063 0.586149404 -0.018309939 -40.093022799 0.009122657 0.018624408 0.999784931 0.240503120 0.000000000 0.000000000 0.000000000 1.000000000 
1619726157683594 0.676103716 -0.736696296 0.012741009 152.404679385 0.736770696 0.675799422 -0.021542584 -40.103349839 0.007259976 0.023952223 0.999686743 0.227152360 0.000000000 0.000000000 0.000000000 1.000000000 
1619726157995117 0.801631925 -0.597813823 0.002211542 153.811575759 0.597695759 0.801387860 -0.023179233 -39.914295106 0.012084563 0.019903043 0.999728879 0.217085375 0.000000000 0.000000000 0.000000000 1.000000000 
1619726158202637 0.877017037 -0.480427148 -0.005556289 154.674069392 0.480313968 0.876977563 -0.014451542 -39.651047501 0.011815653 0.010005485 0.999880133 0.201432212 0.000000000 0.000000000 0.000000000 1.000000000 
1619726158513306 0.962690642 -0.270483301 -0.008093943 155.819912995 0.270351687 0.962653664 -0.014418339 -39.004997630 0.011691584 0.011692189 0.999863290 0.171956506 0.000000000 0.000000000 0.000000000 1.000000000 
1619726158720337 0.993371784 -0.113707797 -0.016823675 156.475422998 0.113513430 0.993462873 -0.012092227 -38.448590629 0.018088677 0.010102364 0.999785348 0.155826317 0.000000000 0.000000000 0.000000000 1.000000000 
1619726159031128 0.990571163 0.135102574 -0.022717067 157.235561241 -0.135263293 0.990793371 -0.005686595 -37.459257697 0.021739645 0.008705762 0.999725761 0.131801718 0.000000000 0.000000000 0.000000000 1.000000000 
1619726159446411 0.887470220 0.460319227 -0.022423621 157.767016545 -0.460408992 0.887705978 0.001287049 -35.951879597 0.020498036 0.009181819 0.999747731 0.093271955 0.000000000 0.000000000 0.000000000 1.000000000 
1619726159965943 0.622237915 0.782161234 -0.032307615 157.686384392 -0.782460503 0.622680530 0.004951765 -34.013961967 0.023990402 0.022198257 0.999465706 0.066249221 0.000000000 0.000000000 0.000000000 1.000000000 
1619726160484741 0.252449162 0.966961793 -0.035416246 156.848460939 -0.967248118 0.253186775 0.018097935 -32.321725851 0.026466937 0.029687489 0.999208764 0.030197352 0.000000000 0.000000000 0.000000000 1.000000000 
1619726161002197 -0.138243928 0.990160585 -0.021694079 155.328500265 -0.990212512 -0.137760688 0.022386916 -31.047718206 0.019178051 0.024576604 0.999513978 0.010130734 0.000000000 0.000000000 0.000000000 1.000000000 
1619726161209717 -0.264287788 0.964263243 -0.018664482 154.564239767 -0.964276068 -0.263831337 0.023763225 -30.650923399 0.017989729 0.024278044 0.999543369 0.004429420 0.000000000 0.000000000 0.000000000 1.000000000 
1619726161521240 -0.405076741 0.914161886 -0.014862034 153.294873327 -0.914098909 -0.404615895 0.026630112 -30.171190346 0.018330818 0.024372607 0.999534870 0.003212720 0.000000000 0.000000000 0.000000000 1.000000000 
1619726161729126 -0.467125910 0.884158004 -0.007616321 152.391175535 -0.883935642 -0.466766849 0.028044405 -29.921778757 0.021240639 0.019832605 0.999577662 0.003533744 0.000000000 0.000000000 0.000000000 1.000000000 
1619726161937134 -0.508577162 0.861015855 -0.000983977 151.446359567 -0.860754461 -0.508393912 0.025246549 -29.709896296 0.021237431 0.013686781 0.999680771 0.005456160 0.000000000 0.000000000 0.000000000 1.000000000 
1619726162248779 -0.544319598 0.838850610 -0.006769689 149.962322251 -0.838755829 -0.544084971 0.021452336 -29.408228796 0.014312019 0.017355043 0.999746952 0.017259086 0.000000000 0.000000000 0.000000000 1.000000000 
1619726162455689 -0.556194024 0.831022475 -0.007060666 148.941363154 -0.830979182 -0.556012073 0.018004840 -29.224983054 0.011036612 0.015881451 0.999812969 0.023848811 0.000000000 0.000000000 0.000000000 1.000000000 
1619726162765625 -0.560878629 0.827897935 -0.000414818 147.366286708 -0.827750001 -0.560768791 0.019191109 -28.956351800 0.015655662 0.011107249 0.999815748 0.025317036 0.000000000 0.000000000 0.000000000 1.000000000 
1619726162972168 -0.554006660 0.832505720 0.003293474 146.286473125 -0.832109334 -0.553857275 0.028916677 -28.746844394 0.025897414 0.013279501 0.999576400 0.029959571 0.000000000 0.000000000 0.000000000 1.000000000 
1619726163282715 -0.525922027 0.850513551 0.005720218 144.575657795 -0.850348122 -0.525936088 0.017300358 -28.401561152 0.017722658 0.004234463 0.999833975 0.045886198 0.000000000 0.000000000 0.000000000 1.000000000 
1619726163489990 -0.501241382 0.865307063 -0.000873807 143.408525007 -0.865202111 -0.501164315 0.016113244 -28.103530949 0.013504983 0.008832644 0.999869791 0.063536080 0.000000000 0.000000000 0.000000000 1.000000000 
1619726163697754 -0.473150059 0.880972882 0.003975413 142.234914416 -0.880723689 -0.473115826 0.022072556 -27.770750323 0.021326154 0.006942391 0.999748468 0.066760344 0.000000000 0.000000000 0.000000000 1.000000000 
1619726164009644 -0.427839711 0.903840332 0.005082813 140.430718245 -0.903566041 -0.427838441 0.022862172 -27.181670874 0.022838376 0.005188688 0.999725705 0.083985154 0.000000000 0.000000000 0.000000000 1.000000000 
1619726164217529 -0.395467585 0.918477871 0.001946833 139.214783275 -0.918160214 -0.395384958 0.025545197 -26.716192451 0.024232446 0.008314793 0.999671773 0.099482055 0.000000000 0.000000000 0.000000000 1.000000000 
1619726164528687 -0.345260760 0.938499879 -0.003603403 137.361156406 -0.938286279 -0.345093864 0.023001810 -25.917639147 0.020343684 0.011322646 0.999728929 0.116005795 0.000000000 0.000000000 0.000000000 1.000000000 
1619726164735840 -0.310520115 0.950540415 -0.007083576 136.106909308 -0.950467160 -0.310371043 0.016792658 -25.313958571 0.013763563 0.011947165 0.999833901 0.122561385 0.000000000 0.000000000 0.000000000 1.000000000 
1619726164943115 -0.266057982 0.963922587 -0.008148376 134.866992528 -0.963820258 -0.265868340 0.019092816 -24.643089789 0.016237601 0.012933366 0.999784511 0.123005964 0.000000000 0.000000000 0.000000000 1.000000000 
1619726165253784 -0.191149200 0.981508015 -0.010198008 133.040901208 -0.981396089 -0.190916334 0.020314292 -23.500354464 0.017991675 0.013891346 0.999741632 0.123165682 0.000000000 0.000000000 0.000000000 1.000000000 
1619726165461060 -0.136733318 0.990549475 -0.010758165 131.850179336 -0.990471823 -0.136526475 0.018057956 -22.641325414 0.016418524 0.013124784 0.999779062 0.122297395 0.000000000 0.000000000 0.000000000 1.000000000 
1619726165772217 -0.049620679 0.998689863 -0.012503821 130.131265535 -0.998573315 -0.049359850 0.020370080 -21.202059536 0.019726206 0.013496760 0.999714316 0.115708480 0.000000000 0.000000000 0.000000000 1.000000000 
1619726165979736 0.004962982 0.999804463 -0.019141713 129.032503295 -0.999750634 0.005377668 0.021673723 -20.130353659 0.021772422 0.019029373 0.999581835 0.108236457 0.000000000 0.000000000 0.000000000 1.000000000 
1619726166187256 0.052023719 0.998334978 -0.024915928 127.963426302 -0.998418007 0.052528586 0.020055715 -18.985486482 0.021331120 0.023833138 0.999488352 0.100068369 0.000000000 0.000000000 0.000000000 1.000000000 
1619726166498535 0.110312098 0.993815935 -0.012693626 126.420385410 -0.993434809 0.110641253 0.029082530 -17.180303519 0.030307121 0.009402135 0.999496412 0.081709020 0.000000000 0.000000000 0.000000000 1.000000000 
1619726166705811 0.141421249 0.989933849 -0.005568284 125.405178680 -0.989638835 0.141515539 0.024255472 -15.904314968 0.024799312 0.002080351 0.999690285 0.087678220 0.000000000 0.000000000 0.000000000 1.000000000 
1619726167016724 0.181899802 0.983278025 -0.008762884 123.917333775 -0.983173820 0.182018189 0.015447264 -13.875421375 0.016783959 0.005805584 0.999842285 0.095552951 0.000000000 0.000000000 0.000000000 1.000000000 
1619726167224121 0.199574193 0.979867539 -0.005454073 122.962146964 -0.979549634 0.199648379 0.024960749 -12.473291620 0.025547125 0.000361014 0.999673554 0.094189625 0.000000000 0.000000000 0.000000000 1.000000000 
1619726167431397 0.213098743 0.976986375 -0.009303127 122.013595222 -0.976441261 0.213291225 0.032700399 -11.023401632 0.033932120 0.002115543 0.999421901 0.099807491 0.000000000 0.000000000 0.000000000 1.000000000 
1619726167742798 0.226740658 0.973759818 -0.019506160 120.567640441 -0.973395108 0.227243921 0.029362646 -8.771216669 0.033024821 0.012329495 0.999378479 0.116491244 0.000000000 0.000000000 0.000000000 1.000000000 
1619726167950440 0.235721681 0.971694370 -0.015663325 119.604318226 -0.971282653 0.236096801 0.029467080 -7.248175859 0.032331057 0.008267486 0.999443021 0.114921947 0.000000000 0.000000000 0.000000000 1.000000000 
1619726168261841 0.247987143 0.968500674 -0.022557047 118.173198396 -0.968314439 0.248513775 0.024658675 -4.920396332 0.029487680 0.015727279 0.999441409 0.123118387 0.000000000 0.000000000 0.000000000 1.000000000 
1619726168469238 0.247419826 0.968573768 -0.025461456 117.238923878 -0.968408371 0.248050864 0.025612404 -3.373663579 0.031123239 0.018320071 0.999347647 0.119720243 0.000000000 0.000000000 0.000000000 1.000000000 
1619726168780274 0.236050220 0.971267151 -0.030338326 115.822851158 -0.971175515 0.236862700 0.026724147 -1.072497962 0.033142304 0.023155599 0.999182369 0.110333863 0.000000000 0.000000000 0.000000000 1.000000000 
1619726168987427 0.221723088 0.974516143 -0.034017042 114.858541623 -0.974554170 0.222639263 0.025998608 0.440605120 0.032909592 0.027386958 0.999083036 0.101484727 0.000000000 0.000000000 0.000000000 1.000000000 
1619726169194458 0.203310401 0.978447518 -0.036129423 113.877967388 -0.978459803 0.204385141 0.029036674 1.927483767 0.035795179 0.029447731 0.998925191 0.088628047 0.000000000 0.000000000 0.000000000 1.000000000 
1619726169505371 0.154699382 0.987010113 -0.043349017 112.335046374 -0.987228549 0.156125649 0.031695023 4.101013427 0.038051202 0.037892187 0.998557103 0.070162426 0.000000000 0.000000000 0.000000000 1.000000000 
1619726169712647 0.113739126 0.992495063 -0.044910582 111.239927930 -0.992799921 0.115251116 0.032641956 5.485846278 0.037572975 0.040874554 0.998457582 0.056194404 0.000000000 0.000000000 0.000000000 1.000000000 
1619726170024048 0.040572099 0.997915311 -0.050189020 109.480910017 -0.998687905 0.042071904 0.029196292 7.460267837 0.031246974 0.048938612 0.998312896 0.028621398 0.000000000 0.000000000 0.000000000 1.000000000 
1619726170231812 -0.010486446 0.999273603 -0.036637422 108.250591207 -0.999142403 -0.009003280 0.040415328 8.667113838 0.040056114 0.037029815 0.998511042 0.012335161 0.000000000 0.000000000 0.000000000 1.000000000 
1619726170439575 -0.066172039 0.997266374 -0.032879196 106.957021865 -0.996917085 -0.064684707 0.044409630 9.809373749 0.042161449 0.035716508 0.998472205 0.013831848 0.000000000 0.000000000 0.000000000 1.000000000 
1619726170751221 -0.154468939 0.987469335 -0.032305717 104.920315052 -0.987060582 -0.152816136 0.048565802 11.366148564 0.043020405 0.039389608 0.998297402 0.041201723 0.000000000 0.000000000 0.000000000 1.000000000 
1619726170958618 -0.213045531 0.976811638 -0.021227947 103.517678533 -0.975774034 -0.211612109 0.055545919 12.273240111 0.049765810 0.032547490 0.998230447 0.063218574 0.000000000 0.000000000 0.000000000 1.000000000 
1619726171269531 -0.300641180 0.953571833 -0.017766263 101.331180996 -0.952544739 -0.299281876 0.055577687 13.467679853 0.047680196 0.033632101 0.998296289 0.126725452 0.000000000 0.000000000 0.000000000 1.000000000 
1619726171476685 -0.359202348 0.933104925 -0.016996264 99.817015671 -0.932560177 -0.358168585 0.045241363 14.142797718 0.036127411 0.032100843 0.998831490 0.166459337 0.000000000 0.000000000 0.000000000 1.000000000 
1619726171683838 -0.416408283 0.908833582 -0.025013220 98.275142309 -0.908687291 -0.415122591 0.044279132 14.732808383 0.029858810 0.041167392 0.998706011 0.196764629 0.000000000 0.000000000 0.000000000 1.000000000 
1619726171994629 -0.500812329 0.865439405 -0.014200231 95.907585580 -0.865218036 -0.500091120 0.036147214 15.397596375 0.024181814 0.030389267 0.999245582 0.225780609 0.000000000 0.000000000 0.000000000 1.000000000 
1619726172202026 -0.550573565 0.834688918 -0.012773410 94.301463980 -0.834408090 -0.549798702 0.038529550 15.733238864 0.025137384 0.031871588 0.999175817 0.247218019 0.000000000 0.000000000 0.000000000 1.000000000 
1619726172513306 -0.622004601 0.782907878 -0.012865837 91.851507911 -0.782702647 -0.621210649 0.038391342 16.061494181 0.022064489 0.033949716 0.999179951 0.283188533 0.000000000 0.000000000 0.000000000 1.000000000 
1619726172721069 -0.665768393 0.746132694 -0.006200774 90.216073137 -0.745589139 -0.664912867 0.044583797 16.161338657 0.029142454 0.034305712 0.998986404 0.310910290 0.000000000 0.000000000 0.000000000 1.000000000 
1619726173032471 -0.724421030 0.689357355 -0.000779759 87.743838681 -0.688842540 -0.723835377 0.039475338 16.124937233 0.026648198 0.029133896 0.999220241 0.372907208 0.000000000 0.000000000 0.000000000 1.000000000 
1619726173240112 -0.754723543 0.656038236 0.002491451 86.089146916 -0.655812772 -0.754553878 0.023623146 15.982146531 0.017377621 0.016195019 0.999717830 0.415248139 0.000000000 0.000000000 0.000000000 1.000000000 
1619726173447632 -0.775960512 0.630779298 0.001661752 84.443347972 -0.630619693 -0.775818452 0.020604201 15.793690997 0.014285921 0.014940113 0.999786330 0.433418791 0.000000000 0.000000000 0.000000000 1.000000000 
1619726173758789 -0.797477610 0.603214157 0.012733535 81.996302899 -0.602884730 -0.797514448 0.022376515 15.439710836 0.023653009 0.010167916 0.999668519 0.469728841 0.000000000 0.000000000 0.000000000 1.000000000 
1619726173965943 -0.807855134 0.589162568 0.016048407 80.361745196 -0.588863614 -0.807987339 0.019902355 15.162752073 0.024692633 0.006627897 0.999673119 0.499236648 0.000000000 0.000000000 0.000000000 1.000000000 
1619726174276734 -0.817609214 0.575602420 0.014036603 77.894644864 -0.575417343 -0.817717949 0.015239372 14.704443143 0.020249802 0.004382946 0.999785345 0.545983984 0.000000000 0.000000000 0.000000000 1.000000000 
1619726174483887 -0.821474958 0.569693978 0.025053262 76.252218432 -0.569540301 -0.821851042 0.013590836 14.371660316 0.028332667 -0.003104311 0.999593729 0.573052238 0.000000000 0.000000000 0.000000000 1.000000000 
1619726174691162 -0.823459339 0.566615529 0.029352326 74.593034575 -0.566345476 -0.823979593 0.017619113 14.039443493 0.034168981 -0.002114934 0.999413832 0.605507688 0.000000000 0.000000000 0.000000000 1.000000000 
1619726175002319 -0.828208316 0.560016859 0.021262703 72.047276210 -0.559892680 -0.828478800 0.011960949 13.520626555 0.024314032 -0.001998675 0.999702372 0.666365699 0.000000000 0.000000000 0.000000000 1.000000000 
1619726175209717 -0.834885753 0.550190061 0.016021150 70.330300576 -0.550052562 -0.835038046 0.012395213 13.156373873 0.020197993 0.001536112 0.999794820 0.691709887 0.000000000 0.000000000 0.000000000 1.000000000 
1619726175520752 -0.846417811 0.532363250 0.012894152 67.718742769 -0.532346193 -0.846511943 0.005006129 12.535848183 0.013580133 -0.002626876 0.999904335 0.717935642 0.000000000 0.000000000 0.000000000 1.000000000 
1619726175728272 -0.852964719 0.521836057 0.011760852 65.952183756 -0.521824935 -0.853042069 0.004238604 12.090728617 0.012244358 -0.002521726 0.999921855 0.725974631 0.000000000 0.000000000 0.000000000 1.000000000 
1619726175935791 -0.857494623 0.514084189 0.020504107 64.173065274 -0.514138732 -0.857702068 0.002920087 11.610301827 0.019087585 -0.008037997 0.999785504 0.733496935 0.000000000 0.000000000 0.000000000 1.000000000 
1619726176247070 -0.859221540 0.510923366 0.026375345 61.451821703 -0.511130091 -0.859502389 -0.001294016 10.863271495 0.022008529 -0.014593079 0.999651273 0.757554891 0.000000000 0.000000000 0.000000000 1.000000000 
1619726176454590 -0.858986144 0.511337386 0.026016951 59.606318580 -0.511499639 -0.859283355 0.000484408 10.366912884 0.022603629 -0.012891562 0.999661384 0.775334437 0.000000000 0.000000000 0.000000000 1.000000000 
1619726176765869 -0.855413004 0.517521364 0.020981660 56.785733355 -0.517599108 -0.855621013 0.001961038 9.628073319 0.018967228 -0.009182591 0.999777937 0.804620781 0.000000000 0.000000000 0.000000000 1.000000000 
1619726176973145 -0.852918201 0.521965081 0.009110256 54.863162931 -0.521973370 -0.852960221 0.001631494 9.147053377 0.008622269 -0.003363781 0.999957170 0.817797803 0.000000000 0.000000000 0.000000000 1.000000000 
1619726177283936 -0.848774187 0.528701807 0.007535132 51.966400406 -0.528683883 -0.848807587 0.004362584 8.424097076 0.008702383 -0.000280854 0.999962094 0.819506437 0.000000000 0.000000000 0.000000000 1.000000000 
1619726177491211 -0.844235071 0.535938562 0.006082964 50.020999203 -0.535903108 -0.844253873 0.006577024 7.961048498 0.008660446 0.002292675 0.999959869 0.823528498 0.000000000 0.000000000 0.000000000 1.000000000 
1619726177698486 -0.840767305 0.541386555 -0.003306909 48.056199891 -0.541393546 -0.840767494 0.001746346 7.509178447 -0.001834893 0.003258610 0.999993007 0.832939032 0.000000000 0.000000000 0.000000000 1.000000000 
1619726178009644 -0.835196235 0.549858790 0.010127225 45.128796120 -0.549884116 -0.835240891 0.000336006 6.841133919 0.008643428 -0.005288169 0.999948662 0.824571127 0.000000000 0.000000000 0.000000000 1.000000000 
1619726178217163 -0.831076752 0.556117538 -0.006687018 43.146200207 -0.556146177 -0.831076932 0.003544326 6.430791708 -0.003586365 0.006664566 0.999971360 0.829039881 0.000000000 0.000000000 0.000000000 1.000000000 
1619726178528565 -0.830077752 0.557619326 -0.005622475 40.183292226 -0.557638284 -0.830080090 0.002566922 5.809261569 -0.003235739 0.005266052 0.999980899 0.813361707 0.000000000 0.000000000 0.000000000 1.000000000 
1619726178735840 -0.827796866 0.560879959 -0.012884864 38.202174211 -0.560931042 -0.827862418 0.000428351 5.396532240 -0.010426642 0.007582108 0.999916895 0.801541289 0.000000000 0.000000000 0.000000000 1.000000000 
