1619726114982098 0.979876273 0.198519438 0.020797163 -1.754811942 0.198920577 -0.979823505 -0.019403703 -0.263174517 0.016525537 0.023150212 -0.999595405 0.375625535 0.000000000 0.000000000 0.000000000 1.000000000 
1619726128481665 0.983723726 0.178315243 0.022165387 -0.459425438 0.178712126 -0.983747072 -0.017426265 -0.051326768 0.018697765 0.021103854 -0.999602431 0.391860393 0.000000000 0.000000000 0.000000000 1.000000000 
1619726128981684 0.987822767 0.154145809 0.021100982 0.532009410 0.154492949 -0.987865290 -0.015940423 0.083912090 0.018387779 0.019006266 -0.999650265 0.400978482 0.000000000 0.000000000 0.000000000 1.000000000 
1619726129481672 0.992185486 0.123253322 0.019405691 1.848891708 0.123558835 -0.992217477 -0.015417275 0.224758705 0.017354435 0.017694541 -0.999692816 0.412774000 0.000000000 0.000000000 0.000000000 1.000000000 
1619726129981684 0.994335630 0.104432932 0.019758988 3.465750606 0.104498430 -0.994522371 -0.002309075 0.390246597 0.019409612 0.004360779 -0.999802106 0.424010234 0.000000000 0.000000000 0.000000000 1.000000000 
1619726130481061 0.995853532 0.087512703 0.024844910 5.372809072 0.087348748 -0.996148714 0.007611497 0.542170818 0.025415328 -0.005409765 -0.999662341 0.446588703 0.000000000 0.000000000 0.000000000 1.000000000 
1619726130731693 0.996417544 0.079379321 0.029171940 6.405739323 0.079149380 -0.996822534 0.008956041 0.607231583 0.029790171 -0.006615015 -0.999534285 0.457608907 0.000000000 0.000000000 0.000000000 1.000000000 
1619726130981703 0.996839355 0.074061963 0.028742404 7.474385491 0.073831102 -0.997230028 0.009013350 0.665235642 0.029330335 -0.006862779 -0.999546214 0.476787679 0.000000000 0.000000000 0.000000000 1.000000000 
1619726131231079 0.997185234 0.069147437 0.028986925 8.565656583 0.068863480 -0.997568885 0.010683669 0.723410832 0.029655203 -0.008657456 -0.999522695 0.506316120 0.000000000 0.000000000 0.000000000 1.000000000 
1619726131481081 0.997381277 0.064297912 0.033111441 9.657536622 0.064070583 -0.997914238 0.007882531 0.764241174 0.033549209 -0.005740419 -0.999420581 0.530012364 0.000000000 0.000000000 0.000000000 1.000000000 
1619726131731088 0.997528800 0.059736608 0.036984200 10.732407980 0.059511356 -0.998201931 0.007162660 0.805449431 0.037345572 -0.004943980 -0.999290181 0.560960212 0.000000000 0.000000000 0.000000000 1.000000000 
1619726131981088 0.997827436 0.056237925 0.034317677 11.797861274 0.056129011 -0.998414984 0.004129650 0.837238531 0.034495526 -0.002194461 -0.999402443 0.590383755 0.000000000 0.000000000 0.000000000 1.000000000 
1619726132231095 0.998333003 0.053925825 0.020572343 12.852501801 0.053758367 -0.998516867 0.008608334 0.882536549 0.021006043 -0.007488048 -0.999751307 0.622857475 0.000000000 0.000000000 0.000000000 1.000000000 
1619726132731721 0.997113995 0.063234611 0.042012687 14.719901443 0.062944736 -0.997983422 0.008188374 0.951013358 0.042445754 -0.005520264 -0.999083522 0.674523838 0.000000000 0.000000000 0.000000000 1.000000000 
1619726133232994 0.995580126 0.088950830 0.030132404 16.429843742 0.088444753 -0.995923211 0.017733677 1.079505637 0.031586985 -0.014990243 -0.999388591 0.750646668 0.000000000 0.000000000 0.000000000 1.000000000 
1619726133732364 0.993114261 0.111866080 0.034785702 17.922450897 0.111220768 -0.993595068 0.019969531 1.216966349 0.036796815 -0.015963133 -0.999195263 0.789008790 0.000000000 0.000000000 0.000000000 1.000000000 
1619726134232370 0.990842176 0.131256275 0.031679198 19.308567499 0.130605405 -0.991194360 0.021816723 1.375086740 0.034263824 -0.017479455 -0.999259956 0.832474384 0.000000000 0.000000000 0.000000000 1.000000000 
1619726134732379 0.988247560 0.149911693 0.029887182 20.600875961 0.149341432 -0.988573357 0.020490372 1.540934657 0.032617419 -0.015786165 -0.999343235 0.870113994 0.000000000 0.000000000 0.000000000 1.000000000 
1619726135232382 0.985526276 0.167311090 0.027293936 21.853329317 0.166878398 -0.985823170 0.017443558 1.719757273 0.029825495 -0.012636316 -0.999475244 0.898155647 0.000000000 0.000000000 0.000000000 1.000000000 
1619726135731769 0.982154363 0.185699508 0.029807732 23.163092843 0.185332910 -0.982566619 0.014647606 1.932794828 0.032008135 -0.008861856 -0.999448321 0.929566806 0.000000000 0.000000000 0.000000000 1.000000000 
1619726136231773 0.978542848 0.203747942 0.030670342 24.672126560 0.203666749 -0.979023201 0.005781564 2.192122080 0.031204958 0.000589020 -0.999512833 0.956795695 0.000000000 0.000000000 0.000000000 1.000000000 
1619726136731156 0.975154809 0.218781073 0.034755427 26.376264579 0.218468062 -0.975762640 0.012608559 2.547499497 0.036671561 -0.004702346 -0.999316309 0.995136812 0.000000000 0.000000000 0.000000000 1.000000000 
1619726137231164 0.972403045 0.230515952 0.035982119 28.336153688 0.230369982 -0.973068498 0.008207953 2.955685139 0.036905130 0.000307762 -0.999318726 1.047709767 0.000000000 0.000000000 0.000000000 1.000000000 
1619726137481162 0.971689103 0.233552134 0.035688769 29.416858349 0.233566482 -0.972333311 0.003825123 3.187491280 0.035594745 0.004618870 -0.999355632 1.058912380 0.000000000 0.000000000 0.000000000 1.000000000 
1619726137731794 0.971260933 0.237118415 0.020665346 30.597051203 0.237288251 -0.971419756 -0.006159859 3.427280484 0.018614110 0.010886474 -0.999767473 1.089869774 0.000000000 0.000000000 0.000000000 1.000000000 
1619726137981796 0.970302672 0.240897918 0.021929833 31.801802826 0.240698966 -0.970533579 0.011339262 3.737696514 0.024015244 -0.005724028 -0.999695205 1.118240249 0.000000000 0.000000000 0.000000000 1.000000000 
1619726138231810 0.969725487 0.242166060 0.031433733 33.082444884 0.242366441 -0.970181102 -0.002671642 3.998309454 0.029849433 0.010209242 -0.999502267 1.116120587 0.000000000 0.000000000 0.000000000 1.000000000 
1619726138481800 0.970293570 0.241550270 0.013559337 34.447848147 0.241363042 -0.970332563 0.014092522 4.348707548 0.016561119 -0.010401161 -0.999808754 1.151678489 0.000000000 0.000000000 0.000000000 1.000000000 
1619726138731807 0.970354229 0.241610328 0.006092607 35.840781825 0.241536250 -0.970330886 0.010872515 4.653068984 0.008538757 -0.009078605 -0.999922331 1.163628329 0.000000000 0.000000000 0.000000000 1.000000000 
1619726138981809 0.970860526 0.239635818 0.002124571 37.241748220 0.239619710 -0.970848358 0.005988347 4.964936300 0.003497659 -0.005304761 -0.999979813 1.163751557 0.000000000 0.000000000 0.000000000 1.000000000 
1619726139231814 0.970823625 0.239237787 0.016333102 38.608394304 0.239045861 -0.970923059 0.012864291 5.292078657 0.018935810 -0.008584597 -0.999783847 1.171435294 0.000000000 0.000000000 0.000000000 1.000000000 
1619726139481820 0.970710960 0.239903910 0.012897511 40.007537859 0.239791410 -0.970776172 0.009680098 5.598268994 0.014842890 -0.006303865 -0.999869967 1.172724709 0.000000000 0.000000000 0.000000000 1.000000000 
1619726139731198 0.970688360 0.240312667 -0.003732421 41.409419100 0.240340548 -0.970519829 0.018101993 5.933140139 0.000727750 -0.018468446 -0.999829179 1.200095095 0.000000000 0.000000000 0.000000000 1.000000000 
1619726139981200 0.971458183 0.237046086 0.008840302 42.765081485 0.236994531 -0.971489250 0.006498347 6.212606649 0.010128666 -0.004217769 -0.999939808 1.192830064 0.000000000 0.000000000 0.000000000 1.000000000 
1619726140231206 0.971857106 0.235473063 0.006797201 44.125818567 0.235417950 -0.971861139 0.008019649 6.521323227 0.008494347 -0.006193770 -0.999944740 1.193241191 0.000000000 0.000000000 0.000000000 1.000000000 
1619726140481252 0.971708073 0.236151580 0.003981395 45.513030854 0.236140066 -0.971713903 0.003155912 6.815915203 0.004614051 -0.002126458 -0.999987094 1.199460598 0.000000000 0.000000000 0.000000000 1.000000000 
1619726140730590 0.971159694 0.238342335 0.006463697 46.920901066 0.238270609 -0.971144909 0.010231467 7.145220862 0.008715779 -0.008396279 -0.999926766 1.195731380 0.000000000 0.000000000 0.000000000 1.000000000 
1619726140981212 0.970319225 0.241595840 0.010585417 48.372702256 0.241456099 -0.970325344 0.012949111 7.481151922 0.013399750 -0.010008858 -0.999860125 1.194146688 0.000000000 0.000000000 0.000000000 1.000000000 
1619726141231217 0.969761736 0.243996065 0.005300586 49.876887838 0.243959333 -0.969762070 0.006735799 7.815033061 0.006783816 -0.005238993 -0.999963266 1.194438262 0.000000000 0.000000000 0.000000000 1.000000000 
1619726141481841 0.969526851 0.244974027 0.002326299 51.421084754 0.244952056 -0.969508376 0.007211059 8.176252456 0.004021888 -0.006421484 -0.999971294 1.197608169 0.000000000 0.000000000 0.000000000 1.000000000 
1619726141731851 0.968373809 0.249330355 0.009302741 52.991171959 0.249329422 -0.968417887 0.001278449 8.532372461 0.009327697 0.001081430 -0.999955911 1.187423856 0.000000000 0.000000000 0.000000000 1.000000000 
1619726141981853 0.967169736 0.254027769 0.007252212 54.615410435 0.254057177 -0.967183025 -0.003456332 8.911341898 0.006136212 0.005185337 -0.999967729 1.188186761 0.000000000 0.000000000 0.000000000 1.000000000 
1619726142231859 0.965192549 0.261535743 -0.001548624 56.284251583 0.261520148 -0.965174712 -0.006707291 9.318721178 -0.003248889 0.006068831 -0.999976307 1.186988871 0.000000000 0.000000000 0.000000000 1.000000000 
1619726142481856 0.963411845 0.267964658 -0.005706135 57.973879906 0.267906841 -0.963400582 -0.009232680 9.741883257 -0.007971325 0.007366161 -0.999941097 1.172723906 0.000000000 0.000000000 0.000000000 1.000000000 
1619726142731865 0.962000084 0.273040115 -0.002221163 59.681526156 0.273016201 -0.961978543 -0.007709564 10.189011712 -0.004241731 0.006810188 -0.999967814 1.149615097 0.000000000 0.000000000 0.000000000 1.000000000 
1619726142981867 0.960404456 0.278589638 -0.003330934 61.431067421 0.278550645 -0.960378609 -0.009081009 10.651509269 -0.005728833 0.007793608 -0.999953219 1.134859916 0.000000000 0.000000000 0.000000000 1.000000000 
1619726143231243 0.958855285 0.283879016 0.003040906 63.200084145 0.283889037 -0.958850281 -0.003626799 11.144523645 0.001886202 0.004340855 -0.999988800 1.116228609 0.000000000 0.000000000 0.000000000 1.000000000 
1619726143481247 0.957207131 0.289395101 0.002232639 65.026526510 0.289400472 -0.957204437 -0.002651981 11.655685662 0.001369621 0.003184622 -0.999993991 1.108423564 0.000000000 0.000000000 0.000000000 1.000000000 
1619726143731250 0.956099068 0.293012068 0.004301185 66.889382176 0.293026215 -0.956099284 -0.003129851 12.183022610 0.003195276 0.004252807 -0.999985852 1.097458528 0.000000000 0.000000000 0.000000000 1.000000000 
1619726143981878 0.955771951 0.294053386 -0.005708225 68.797914871 0.294041142 -0.955788375 -0.002896298 12.728196034 -0.006307522 0.001089748 -0.999979514 1.090864606 0.000000000 0.000000000 0.000000000 1.000000000 
1619726144231886 0.956695091 0.290825156 -0.012459179 70.706391200 0.290844306 -0.956770353 -0.000286247 13.272978912 -0.012003821 -0.003349830 -0.999922340 1.068596694 0.000000000 0.000000000 0.000000000 1.000000000 
1619726144481888 0.959172721 0.282314996 -0.016909568 72.618306221 0.282379049 -0.959301770 0.001478777 13.803778332 -0.015803898 -0.006193310 -0.999855929 1.035506499 0.000000000 0.000000000 0.000000000 1.000000000 
1619726144731268 0.964063824 0.264888600 -0.020370877 74.534882785 0.265011597 -0.964238701 0.003546919 14.304700832 -0.018702850 -0.008817975 -0.999786201 0.994495568 0.000000000 0.000000000 0.000000000 1.000000000 
1619726144981901 0.970525468 0.240287965 -0.018493489 76.458467607 0.240617570 -0.970447199 0.018314428 14.783692887 -0.013546218 -0.022224478 -0.999661229 0.952256045 0.000000000 0.000000000 0.000000000 1.000000000 
1619726145231901 0.978707938 0.204967317 -0.010916539 78.386056917 0.205128286 -0.978595184 0.016548473 15.171675010 -0.007290976 -0.018435412 -0.999803469 0.915132432 0.000000000 0.000000000 0.000000000 1.000000000 
1619726145481901 0.986026897 0.165408355 -0.019774585 80.345867733 0.165835474 -0.985899912 0.022359782 15.493694404 -0.015797267 -0.025326675 -0.999554404 0.889735003 0.000000000 0.000000000 0.000000000 1.000000000 
1619726145731903 0.992407320 0.121409456 -0.019683886 82.294496546 0.121740463 -0.992423315 0.016589830 15.712931943 -0.017520585 -0.018860194 -0.999668606 0.850819040 0.000000000 0.000000000 0.000000000 1.000000000 
1619726145981281 0.996940370 0.077707426 -0.008453123 84.214605439 0.077900218 -0.996633496 0.025558360 15.860414185 -0.006438591 -0.026138661 -0.999637592 0.815379863 0.000000000 0.000000000 0.000000000 1.000000000 
1619726146231285 0.999330882 0.032190426 -0.017365626 86.171359789 0.032659147 -0.999090374 0.027419061 15.914533562 -0.016467199 -0.027967861 -0.999473176 0.802991565 0.000000000 0.000000000 0.000000000 1.000000000 
1619726146480665 0.999541779 -0.020219942 -0.022525237 88.123232894 -0.019415389 -0.999185266 0.035381442 15.881254103 -0.023222296 -0.034927893 -0.999119996 0.760130286 0.000000000 0.000000000 0.000000000 1.000000000 
1619726146730674 0.996586624 -0.079484069 -0.022302090 90.077592074 -0.078635885 -0.996230165 0.036631352 15.723697180 -0.025129624 -0.034752571 -0.999079957 0.713170243 0.000000000 0.000000000 0.000000000 1.000000000 
1619726146981293 0.989750845 -0.142593022 -0.007777877 92.011832221 -0.142176615 -0.989036850 0.039898864 15.445070745 -0.013381907 -0.038384102 -0.999173451 0.673038193 0.000000000 0.000000000 0.000000000 1.000000000 
1619726147231926 0.978574132 -0.205507655 -0.012620333 93.967250218 -0.204838552 -0.977924158 0.041297803 15.035123298 -0.020828743 -0.037827831 -0.999067174 0.651713395 0.000000000 0.000000000 0.000000000 1.000000000 
1619726147481929 0.963533266 -0.267471807 -0.007904298 95.881401104 -0.266827841 -0.962600543 0.046937164 14.514994483 -0.020163050 -0.043116432 -0.998866570 0.628270610 0.000000000 0.000000000 0.000000000 1.000000000 
1619726147731934 0.944449493 -0.328386022 -0.013333268 97.772181822 -0.327486902 -0.943733123 0.046044772 13.853550980 -0.027703506 -0.039120491 -0.998850391 0.608211538 0.000000000 0.000000000 0.000000000 1.000000000 
1619726147982560 0.920692789 -0.389842142 -0.018651893 99.630943936 -0.388401120 -0.919888238 0.054315735 13.084631559 -0.038332219 -0.042763690 -0.998349592 0.577807129 0.000000000 0.000000000 0.000000000 1.000000000 
1619726148232566 0.887725110 -0.459292481 -0.031536439 101.435488796 -0.457038032 -0.887453971 0.059512067 12.178274916 -0.055320582 -0.038417004 -0.997729305 0.538270977 0.000000000 0.000000000 0.000000000 1.000000000 
1619726148481987 0.847811075 -0.530000709 -0.017765988 103.114772314 -0.528167737 -0.846930860 0.061212420 11.143994640 -0.047489190 -0.042513146 -0.997966637 0.490414565 0.000000000 0.000000000 0.000000000 1.000000000 
1619726148731954 0.803155220 -0.595734352 -0.006501809 104.696324320 -0.594614710 -0.802229527 0.053489566 9.962781674 -0.037081515 -0.039094353 -0.998547241 0.460759286 0.000000000 0.000000000 0.000000000 1.000000000 
1619726148981950 0.757875627 -0.652397229 -0.001545862 106.193704111 -0.651486668 -0.756938871 0.051075113 8.671960991 -0.034491385 -0.037701475 -0.998693618 0.451513722 0.000000000 0.000000000 0.000000000 1.000000000 
1619726149231329 0.713266479 -0.700800967 0.011354948 107.593481310 -0.700184964 -0.711724486 0.056473652 7.312924634 -0.031495195 -0.048231327 -0.998339517 0.456470472 0.000000000 0.000000000 0.000000000 1.000000000 
1619726149481331 0.669648409 -0.742447497 0.018512757 108.899734842 -0.742375659 -0.668456056 0.045220379 5.828511258 -0.021198792 -0.044025175 -0.998805484 0.473480383 0.000000000 0.000000000 0.000000000 1.000000000 
1619726149730717 0.633699354 -0.773534429 0.008343566 110.162791103 -0.773157280 -0.632960430 0.039861175 4.249755984 -0.025552844 -0.031710890 -0.999170392 0.502349738 0.000000000 0.000000000 0.000000000 1.000000000 
1619726149980712 0.604669533 -0.796367899 0.013150106 111.360744971 -0.796272267 -0.604058278 0.032620147 2.616802756 -0.018034207 -0.030195474 -0.999381309 0.509411706 0.000000000 0.000000000 0.000000000 1.000000000 
1619726150230721 0.584238774 -0.811467081 0.013646694 112.545444430 -0.811277509 -0.583476705 0.037198643 0.940920300 -0.022222946 -0.032804146 -0.999214706 0.527485333 0.000000000 0.000000000 0.000000000 1.000000000 
1619726150481345 0.571157677 -0.820679531 0.016248569 113.719482329 -0.820342680 -0.570010317 0.046109934 -0.770145319 -0.028579627 -0.039665438 -0.998804214 0.544559127 0.000000000 0.000000000 0.000000000 1.000000000 
1619726150731977 0.564305805 -0.825488636 0.011290279 114.902277596 -0.824525029 -0.562855163 0.057901142 -2.516575549 -0.041441942 -0.041983068 -0.998258477 0.562903631 0.000000000 0.000000000 0.000000000 1.000000000 
1619726150981985 0.564511083 -0.825408074 0.005361744 116.078159021 -0.824052158 -0.563185418 0.061320682 -4.291407697 -0.047594930 -0.039034561 -0.998103715 0.572621636 0.000000000 0.000000000 0.000000000 1.000000000 
1619726151232610 0.568389712 -0.822754078 0.002976912 117.266238595 -0.821330298 -0.567185514 0.060968305 -6.087227292 -0.048473460 -0.037098785 -0.998135263 0.572215270 0.000000000 0.000000000 0.000000000 1.000000000 
1619726151483235 0.577548680 -0.816356142 0.000413109 118.472418125 -0.815213234 -0.576713189 0.053190980 -7.902623526 -0.043184538 -0.031057153 -0.998584272 0.565872397 0.000000000 0.000000000 0.000000000 1.000000000 
1619726151733236 0.591200240 -0.806523829 0.001261000 119.722492529 -0.805494526 -0.590365291 0.051452821 -9.708635121 -0.040753476 -0.031434649 -0.998674630 0.556071027 0.000000000 0.000000000 0.000000000 1.000000000 
1619726151983245 0.607060936 -0.794642105 -0.004576485 121.032987077 -0.793454360 -0.606449961 0.051464782 -11.519095658 -0.043671492 -0.027611027 -0.998664324 0.542775352 0.000000000 0.000000000 0.000000000 1.000000000 
1619726152233248 0.624460129 -0.781015400 -0.008030706 122.382056256 -0.779803901 -0.624007678 0.050202529 -13.301193382 -0.044220171 -0.025087102 -0.998706771 0.525155309 0.000000000 0.000000000 0.000000000 1.000000000 
1619726152483246 0.640892131 -0.767626576 0.002591545 123.750162876 -0.766830061 -0.640065646 0.047829134 -15.034625320 -0.035056155 -0.032640591 -0.998852170 0.505460464 0.000000000 0.000000000 0.000000000 1.000000000 
1619726152733251 0.656334621 -0.754466231 -0.002360611 125.163127432 -0.753694627 -0.655798766 0.043271098 -16.761360111 -0.034194668 -0.026621140 -0.999060579 0.506248075 0.000000000 0.000000000 0.000000000 1.000000000 
1619726152983266 0.671635781 -0.740838830 0.007950208 126.596137433 -0.740416771 -0.670795842 0.042613885 -18.427713942 -0.026237054 -0.034507478 -0.999059984 0.499682314 0.000000000 0.000000000 0.000000000 1.000000000 
1619726153233261 0.684993255 -0.728403747 0.014567824 128.054156966 -0.728240974 -0.683984588 0.042780462 -20.058864943 -0.021197282 -0.039913214 -0.998978283 0.514530331 0.000000000 0.000000000 0.000000000 1.000000000 
1619726153483260 0.695626137 -0.718403858 -0.000417095 129.544348047 -0.717788667 -0.695054242 0.040975967 -21.676295733 -0.029727196 -0.028204568 -0.999160045 0.537599835 0.000000000 0.000000000 0.000000000 1.000000000 
1619726153733265 0.704769856 -0.709317693 0.012956069 131.010645370 -0.709075083 -0.703711361 0.044753183 -23.216741444 -0.022626892 -0.040727520 -0.998914057 0.539174406 0.000000000 0.000000000 0.000000000 1.000000000 
1619726153983266 0.708931642 -0.705255842 0.005488495 132.495016108 -0.704779713 -0.708117885 0.043065266 -24.753413545 -0.026485529 -0.034398510 -0.999057185 0.560686348 0.000000000 0.000000000 0.000000000 1.000000000 
1619726154233269 0.709688344 -0.704509790 0.002899880 133.950397473 -0.704121255 -0.709147208 0.036379882 -26.272284229 -0.023573541 -0.027860245 -0.999333826 0.570874527 0.000000000 0.000000000 0.000000000 1.000000000 
1619726154483273 0.710560000 -0.703516523 0.012999575 135.383433192 -0.703421363 -0.709764447 0.037852563 -27.748734794 -0.017403267 -0.036040696 -0.999198776 0.573308391 0.000000000 0.000000000 0.000000000 1.000000000 
1619726154733278 0.708730736 -0.705378407 -0.011918378 136.834656457 -0.704734130 -0.708657475 0.033976306 -29.250564855 -0.032412200 -0.015680764 -0.999351571 0.594800838 0.000000000 0.000000000 0.000000000 1.000000000 
1619726154982662 0.709330047 -0.704874489 0.001684977 138.214615685 -0.704570767 -0.708949954 0.031144757 -30.686722767 -0.020758581 -0.023279098 -0.999513464 0.572068569 0.000000000 0.000000000 0.000000000 1.000000000 
1619726155232655 0.710309295 -0.703889175 0.000856707 139.598376962 -0.703514188 -0.709890086 0.033523932 -32.105628003 -0.022988966 -0.024415066 -0.999437548 0.572755686 0.000000000 0.000000000 0.000000000 1.000000000 
1619726155482036 0.714439382 -0.699687132 -0.003779895 140.942713628 -0.699385120 -0.714271528 0.026012274 -33.499048512 -0.020900325 -0.015940591 -0.999654477 0.572828478 0.000000000 0.000000000 0.000000000 1.000000000 
1619726155732042 0.729139030 -0.684332289 0.006752272 142.254340357 -0.684285056 -0.728866362 0.022534178 -34.809170749 -0.010499362 -0.021051027 -0.999723271 0.570798018 0.000000000 0.000000000 0.000000000 1.000000000 
1619726155982042 0.753942040 -0.656839177 0.011562687 143.563339744 -0.656928574 -0.753703062 0.019404728 -36.031224760 -0.004030953 -0.022225900 -0.999744848 0.581534734 0.000000000 0.000000000 0.000000000 1.000000000 
1619726156232056 0.788270048 -0.615327543 0.001531837 144.895882049 -0.615227536 -0.788091740 0.020161551 -37.141213857 -0.011198730 -0.016835175 -0.999795562 0.602431977 0.000000000 0.000000000 0.000000000 1.000000000 
1619726156482084 0.830283366 -0.557305992 0.006289912 146.214419477 -0.557302752 -0.830039741 0.021158258 -38.093974628 -0.006570747 -0.021072735 -0.999756353 0.604983891 0.000000000 0.000000000 0.000000000 1.000000000 
1619726156732057 0.877034786 -0.480426858 0.000139410 147.551440294 -0.480340274 -0.876871141 0.019241171 -38.897382104 -0.009121731 -0.016942141 -0.999814862 0.612451603 0.000000000 0.000000000 0.000000000 1.000000000 
1619726156982060 0.926262278 -0.376872664 -0.002277498 148.878350812 -0.376820999 -0.926207991 0.012028852 -39.518340997 -0.006642782 -0.010283663 -0.999925057 0.614448748 0.000000000 0.000000000 0.000000000 1.000000000 
1619726157232062 0.966984000 -0.254775578 -0.005599063 150.195324714 -0.254652116 -0.966885826 0.016855225 -39.905415427 -0.009707954 -0.014872920 -0.999842264 0.608593607 0.000000000 0.000000000 0.000000000 1.000000000 
1619726157482067 0.992668490 -0.120687667 -0.006614822 151.449409835 -0.120537145 -0.992512490 0.019742191 -40.088420569 -0.008947933 -0.018800119 -0.999783222 0.605053140 0.000000000 0.000000000 0.000000000 1.000000000 
1619726157732071 0.999786175 0.018964350 -0.008243704 152.633380107 0.019164785 -0.999504840 0.024955666 -40.079485382 -0.007766354 -0.025108318 -0.999654568 0.589380352 0.000000000 0.000000000 0.000000000 1.000000000 
1619726157982076 0.985369086 0.169743317 -0.015328779 153.759516352 0.170009086 -0.985275975 0.018115275 -39.919461231 -0.012028131 -0.020456263 -0.999718393 0.582420220 0.000000000 0.000000000 0.000000000 1.000000000 
1619726158232086 0.942747223 0.333189294 -0.014579685 154.795405468 0.333287463 -0.942812786 0.004849484 -39.598880240 -0.012130117 -0.009431064 -0.999881951 0.563438845 0.000000000 0.000000000 0.000000000 1.000000000 
1619726158482407 0.866420961 0.499066331 -0.015732637 155.718596987 0.499180472 -0.866488069 0.004157183 -39.076438638 -0.011557432 -0.011455296 -0.999867592 0.539550564 0.000000000 0.000000000 0.000000000 1.000000000 
1619726158732084 0.754810466 0.655641725 -0.019876855 156.516152603 0.655696743 -0.755010830 -0.004519776 -38.411088837 -0.017970594 -0.009621614 -0.999792220 0.519735763 0.000000000 0.000000000 0.000000000 1.000000000 
1619726158982715 0.609140424 0.792802683 -0.020294073 157.144887927 0.792764501 -0.609413529 -0.011815106 -37.620067502 -0.021734531 -0.008891362 -0.999724239 0.500241958 0.000000000 0.000000000 0.000000000 1.000000000 
1619726159482720 0.240317643 0.970587563 -0.014394890 157.794805587 0.970477801 -0.240550812 -0.017554047 -35.811222324 -0.020500442 -0.009751374 -0.999742288 0.455137375 0.000000000 0.000000000 0.000000000 1.000000000 
1619726159983353 -0.161178075 0.986758980 -0.018120230 157.677944795 0.986642988 0.160665648 -0.026873098 -33.944342728 -0.023605972 -0.022209552 -0.999474609 0.429865584 0.000000000 0.000000000 0.000000000 1.000000000 
1619726160483360 -0.533890882 0.845482557 -0.010944027 156.861305049 0.845138639 0.533178969 -0.038221303 -32.314949548 -0.026480320 -0.029655225 -0.999209368 0.394962970 0.000000000 0.000000000 0.000000000 1.000000000 
1619726160984621 -0.811349782 0.584559680 0.001229474 155.396997992 0.584234612 0.810965283 -0.031705335 -31.074523541 -0.019530722 -0.025005816 -0.999496503 0.375524439 0.000000000 0.000000000 0.000000000 1.000000000 
1619726161234625 -0.891614287 0.452768117 0.004999600 154.474431052 0.452433925 0.891288862 -0.030128176 -30.598087329 -0.018097166 -0.024600723 -0.999533540 0.368873189 0.000000000 0.000000000 0.000000000 1.000000000 
1619726161484632 -0.939686306 0.341925013 0.008771141 153.456981878 0.341546506 0.939402363 -0.029481947 -30.211275318 -0.018320245 -0.024708029 -0.999526829 0.367921741 0.000000000 0.000000000 0.000000000 1.000000000 
1619726161735259 -0.965364279 0.260448215 0.015444599 152.371699143 0.260033532 0.965286128 -0.024601891 -29.907839005 -0.021315976 -0.019733673 -0.999578017 0.368413837 0.000000000 0.000000000 0.000000000 1.000000000 
1619726161985262 -0.978092587 0.207455707 0.017234305 151.229488529 0.207166924 0.978155365 -0.017144887 -29.657968841 -0.020414633 -0.013198909 -0.999704472 0.370756071 0.000000000 0.000000000 0.000000000 1.000000000 
1619726162235263 -0.984360578 0.175794886 0.011419719 150.033359575 0.175559521 0.984283491 -0.019101417 -29.414917451 -0.014598172 -0.016797841 -0.999752332 0.381266560 0.000000000 0.000000000 0.000000000 1.000000000 
1619726162485887 -0.987223236 0.159128606 0.008268511 148.793985039 0.158956946 0.987114124 -0.018395524 -29.193096530 -0.011089218 -0.016846151 -0.999796598 0.388239527 0.000000000 0.000000000 0.000000000 1.000000000 
1619726162735920 -0.987866556 0.154768225 0.012902125 147.524602813 0.154607341 0.987894902 -0.012658326 -28.980960186 -0.014705050 -0.010509974 -0.999836638 0.389176442 0.000000000 0.000000000 0.000000000 1.000000000 
1619726162985273 -0.986138121 0.164166648 0.024102253 146.226478426 0.163769631 0.986341123 -0.017626586 -28.728412830 -0.026666741 -0.013435031 -0.999554093 0.394913443 0.000000000 0.000000000 0.000000000 1.000000000 
1619726163235272 -0.981537907 0.190299324 0.019222501 144.850283438 0.190171209 0.981715828 -0.008303228 -28.459732253 -0.020451133 -0.004494367 -0.999780752 0.407051535 0.000000000 0.000000000 0.000000000 1.000000000 
1619726163485280 -0.974665522 0.223390634 0.011124051 143.439907328 0.223264380 0.974689558 -0.011544775 -28.107616168 -0.013421491 -0.008768690 -0.999871479 0.428170361 0.000000000 0.000000000 0.000000000 1.000000000 
1619726163735293 -0.965108712 0.261073144 0.020149110 142.028704788 0.260880833 0.965300200 -0.011692521 -27.705208866 -0.022502543 -0.006028038 -0.999728612 0.431752469 0.000000000 0.000000000 0.000000000 1.000000000 
1619726163985286 -0.953665705 0.300181726 0.020313903 140.581061478 0.300007548 0.953870958 -0.011210072 -27.231453370 -0.022741901 -0.004596337 -0.999730804 0.446899130 0.000000000 0.000000000 0.000000000 1.000000000 
1619726164235290 -0.940037995 0.340493085 0.019824905 139.119022258 0.340214717 0.940209246 -0.016140610 -26.671035761 -0.024135325 -0.008428062 -0.999673174 0.465534177 0.000000000 0.000000000 0.000000000 1.000000000 
1619726164484666 -0.924463785 0.380929160 0.016114728 137.634682538 0.380634652 0.924537612 -0.018640407 -26.034245653 -0.021999347 -0.011098557 -0.999696379 0.478481047 0.000000000 0.000000000 0.000000000 1.000000000 
1619726164735301 -0.906750500 0.421601840 0.007444475 136.115177600 0.421442966 0.906702434 -0.016628991 -25.311256288 -0.013760736 -0.011940925 -0.999834014 0.487490984 0.000000000 0.000000000 0.000000000 1.000000000 
1619726164985299 -0.881116223 0.472811028 0.009161503 134.623115909 0.472587950 0.881073383 -0.019243804 -24.493743952 -0.017170639 -0.012626412 -0.999772846 0.486833305 0.000000000 0.000000000 0.000000000 1.000000000 
1619726165234677 -0.850359613 0.526135549 0.008361393 133.158559410 0.525888151 0.850293867 -0.021023628 -23.570761419 -0.018170919 -0.013480487 -0.999744014 0.487706174 0.000000000 0.000000000 0.000000000 1.000000000 
1619726165484684 -0.813529956 0.581493599 0.005848474 131.722691300 0.581275560 0.813436019 -0.020989673 -22.533537734 -0.016962720 -0.013676152 -0.999762586 0.487048049 0.000000000 0.000000000 0.000000000 1.000000000 
1619726165734685 -0.770525680 0.637382584 0.005798167 130.340123814 0.637132194 0.770427284 -0.022458136 -21.380518832 -0.018781490 -0.013610371 -0.999730971 0.481755649 0.000000000 0.000000000 0.000000000 1.000000000 
1619726165984067 -0.726738892 0.686908323 0.002745540 129.017926841 0.686566040 0.726492326 -0.028913187 -20.100042428 -0.021855322 -0.019127343 -0.999578156 0.472874657 0.000000000 0.000000000 0.000000000 1.000000000 
1619726166234066 -0.687287860 0.726383816 -0.001396078 127.734128083 0.726061314 0.686922793 -0.031177631 -18.714254500 -0.021687929 -0.022441646 -0.999512885 0.462372842 0.000000000 0.000000000 0.000000000 1.000000000 
1619726166484071 -0.652790378 0.757442646 0.012056566 126.501952860 0.756939597 0.652824378 -0.029373083 -17.263704354 -0.030119246 -0.010048373 -0.999495803 0.446833006 0.000000000 0.000000000 0.000000000 1.000000000 
1619726166733447 -0.623784768 0.781482820 0.013310352 125.281395222 0.781165014 0.623915830 -0.022588872 -15.726967255 -0.025957354 -0.003693013 -0.999656230 0.453505489 0.000000000 0.000000000 0.000000000 1.000000000 
1619726166983448 -0.597594995 0.801774679 0.006130745 124.080500053 0.801611630 0.597603441 -0.016997706 -14.095340023 -0.017292084 -0.005243267 -0.999836733 0.460056090 0.000000000 0.000000000 0.000000000 1.000000000 
1619726167233451 -0.579256498 0.815005073 0.015120839 122.929264865 0.814722287 0.579453809 -0.021468090 -12.409296944 -0.026258430 -0.000116246 -0.999655181 0.458919179 0.000000000 0.000000000 0.000000000 1.000000000 
1619726167482831 -0.566514751 0.823917808 0.014848632 121.787719503 0.823345099 0.566683141 -0.031193991 -10.652585929 -0.034115754 -0.005446308 -0.999403048 0.468846884 0.000000000 0.000000000 0.000000000 1.000000000 
1619726167732839 -0.557277392 0.830286143 0.008174877 120.625850752 0.829670888 0.557201595 -0.034243240 -8.839198610 -0.032986742 -0.012300526 -0.999380094 0.481321202 0.000000000 0.000000000 0.000000000 1.000000000 
1619726167982840 -0.548044101 0.836385491 0.010342824 119.465635527 0.835836757 0.548073989 -0.031493167 -7.004527878 -0.032009061 -0.008614731 -0.999450452 0.480613120 0.000000000 0.000000000 0.000000000 1.000000000 
1619726168232849 -0.539264306 0.842130116 0.003297971 118.314417761 0.841645500 0.539079433 -0.032034626 -5.132715133 -0.028755192 -0.014499407 -0.999481319 0.487549065 0.000000000 0.000000000 0.000000000 1.000000000 
1619726168482219 -0.539357253 0.842076176 0.001211343 117.191656799 0.841500716 0.539040763 -0.036216032 -3.270442343 -0.031149621 -0.018514034 -0.999343250 0.484116129 0.000000000 0.000000000 0.000000000 1.000000000 
1619726168732851 -0.546858504 0.837224907 -0.000481215 116.054011252 0.836564476 0.546404116 -0.040030230 -1.412868204 -0.033251368 -0.022293439 -0.999198353 0.476646169 0.000000000 0.000000000 0.000000000 1.000000000 
1619726168982861 -0.560841141 0.827913180 -0.004120753 114.891955861 0.827266443 0.560190904 -0.042619057 0.417402875 -0.032976471 -0.027311482 -0.999082897 0.466423786 0.000000000 0.000000000 0.000000000 1.000000000 
1619726169232231 -0.580249089 0.814433062 -0.003127548 113.709266316 0.813628837 0.579496316 -0.046820252 2.206086265 -0.036319558 -0.029712072 -0.998898435 0.451008864 0.000000000 0.000000000 0.000000000 1.000000000 
1619726169482235 -0.612744281 0.790261856 -0.005535799 112.468356321 0.789349091 0.611666395 -0.052841600 3.956100895 -0.038372639 -0.036748066 -0.998587563 0.435537945 0.000000000 0.000000000 0.000000000 1.000000000 
1619726169732239 -0.651452271 0.758659016 -0.006814357 111.147129071 0.757764153 0.650187872 -0.055219727 5.629085772 -0.037462331 -0.041136693 -0.998450973 0.418596378 0.000000000 0.000000000 0.000000000 1.000000000 
1619726169982242 -0.695111291 0.718785527 -0.012948335 109.738241149 0.718114201 0.693393741 -0.059305267 7.225411253 -0.033649473 -0.050522144 -0.998155913 0.396400016 0.000000000 0.000000000 0.000000000 1.000000000 
1619726170232249 -0.737640398 0.675178182 0.004589839 108.262594002 0.674002700 0.736725740 -0.054364924 8.683090725 -0.040087463 -0.037008200 -0.998510585 0.376761683 0.000000000 0.000000000 0.000000000 1.000000000 
1619726170482246 -0.781531652 0.623814770 0.007963078 106.695878452 0.622610046 0.780704648 -0.053450747 10.048480193 -0.039560178 -0.036815558 -0.998538736 0.383677093 0.000000000 0.000000000 0.000000000 1.000000000 
1619726170732251 -0.823905494 0.566595264 0.012228819 105.061665613 0.565147190 0.823027317 -0.056874329 11.292636346 -0.042289378 -0.039947990 -0.998306449 0.404786947 0.000000000 0.000000000 0.000000000 1.000000000 
1619726170982264 -0.862220656 0.505813394 0.026987965 103.374724296 0.503872424 0.861927360 -0.056513771 12.385498838 -0.051847088 -0.035128849 -0.998036995 0.431130152 0.000000000 0.000000000 0.000000000 1.000000000 
1619726171232260 -0.896571755 0.441915456 0.029492663 101.616429160 0.440151427 0.896438240 -0.051625601 13.347009504 -0.049252502 -0.033304818 -0.998230925 0.482420297 0.000000000 0.000000000 0.000000000 1.000000000 
1619726171482890 -0.927525370 0.373164308 0.021097078 99.784169529 0.372037904 0.927191890 -0.043623355 14.173720609 -0.035839719 -0.032612856 -0.998825268 0.532013251 0.000000000 0.000000000 0.000000000 1.000000000 
1619726171732894 -0.952982334 0.302652027 0.015047306 97.915990667 0.301683796 0.952259551 -0.046782839 14.868282006 -0.028487862 -0.040043690 -0.998791742 0.566667236 0.000000000 0.000000000 0.000000000 1.000000000 
1619726171982898 -0.973414656 0.228433097 0.016799627 96.006794847 0.227751144 0.973087684 -0.035068162 15.386679153 -0.024358239 -0.030309729 -0.999243712 0.589281128 0.000000000 0.000000000 0.000000000 1.000000000 
1619726172232898 -0.987011711 0.159427373 0.019768557 94.069412224 0.158664703 0.986693619 -0.035513574 15.785302228 -0.025167345 -0.031915741 -0.999173654 0.615277302 0.000000000 0.000000000 0.000000000 1.000000000 
1619726172482917 -0.995883776 0.088656596 0.018855049 92.099256136 0.087964252 0.995514464 -0.034831629 16.048604268 -0.021858528 -0.033029684 -0.999215314 0.643915080 0.000000000 0.000000000 0.000000000 1.000000000 
1619726172732910 -0.999379174 0.019862605 0.029098853 90.133677840 0.018830215 0.999198175 -0.035333142 16.176302092 -0.029777329 -0.034763269 -0.998951864 0.677226180 0.000000000 0.000000000 0.000000000 1.000000000 
1619726172982914 -0.998419200 -0.046813492 0.031106230 88.150947366 -0.047791154 0.998361581 -0.031466808 16.159870960 -0.029582194 -0.032903668 -0.999020642 0.725712439 0.000000000 0.000000000 0.000000000 1.000000000 
1619726173232915 -0.994546945 -0.102555363 0.018941272 86.152380099 -0.102838105 0.994590831 -0.014608300 15.993992153 -0.017340656 -0.016476524 -0.999713872 0.778917939 0.000000000 0.000000000 0.000000000 1.000000000 
1619726173482916 -0.989821867 -0.141440485 0.015724517 84.168727558 -0.141596898 0.989880545 -0.009318018 15.762555473 -0.014247448 -0.011449721 -0.999832943 0.800952918 0.000000000 0.000000000 0.000000000 1.000000000 
1619726173733548 -0.985381625 -0.168697495 0.023753072 82.201747663 -0.168891418 0.985613917 -0.006395021 15.473700692 -0.022332535 -0.010313227 -0.999697402 0.832994534 0.000000000 0.000000000 0.000000000 1.000000000 
1619726173983553 -0.981525643 -0.189742609 0.024599905 80.230768905 -0.189835357 0.981814838 -0.001470019 15.139231105 -0.023873627 -0.006112793 -0.999696296 0.867707602 0.000000000 0.000000000 0.000000000 1.000000000 
1619726174232931 -0.978928821 -0.203064003 0.021526140 78.249803974 -0.203148343 0.979146348 -0.001783471 14.776221949 -0.020715082 -0.006118891 -0.999766695 0.905716744 0.000000000 0.000000000 0.000000000 1.000000000 
1619726174483555 -0.976881028 -0.212070219 0.027012588 76.265195161 -0.211899776 0.977249441 0.009056201 14.371031123 -0.028318587 0.003122869 -0.999594070 0.937852735 0.000000000 0.000000000 0.000000000 1.000000000 
1619726174733555 -0.975754395 -0.216455089 0.032412270 74.262043183 -0.216239026 0.976288508 0.010071377 13.968376723 -0.033823727 0.002818393 -0.999423840 0.978993505 0.000000000 0.000000000 0.000000000 1.000000000 
1619726174983557 -0.974561962 -0.222877681 0.023548299 72.210733718 -0.222759901 0.974844140 0.007545139 13.551787680 -0.024637564 0.002107589 -0.999694227 1.028327279 0.000000000 0.000000000 0.000000000 1.000000000 
1619726175233565 -0.971405945 -0.236630071 0.019408752 70.138794672 -0.236610962 0.971598841 0.003308191 13.112603790 -0.019640338 -0.001378727 -0.999806159 1.059070688 0.000000000 0.000000000 0.000000000 1.000000000 
1619726175482942 -0.967308343 -0.253269412 0.013006691 68.044102073 -0.253194364 0.967388994 0.007151749 12.612465105 -0.014393849 0.003624726 -0.999889833 1.080883690 0.000000000 0.000000000 0.000000000 1.000000000 
1619726175732948 -0.963412738 -0.267789318 0.011170400 65.916757941 -0.267739236 0.963474023 0.005788650 12.079300525 -0.012312529 0.002586105 -0.999920854 1.091100810 0.000000000 0.000000000 0.000000000 1.000000000 
1619726175983573 -0.960642307 -0.277312368 0.016254479 63.766529390 -0.277077991 0.960725949 0.015278686 11.492558312 -0.019853068 0.010173594 -0.999751146 1.100621104 0.000000000 0.000000000 0.000000000 1.000000000 
1619726176232952 -0.959977249 -0.279578621 0.016717526 61.584032550 -0.279236468 0.960009979 0.020194944 10.891736911 -0.021695066 0.014718544 -0.999656285 1.121253392 0.000000000 0.000000000 0.000000000 1.000000000 
1619726176482956 -0.960173511 -0.278866044 0.017336606 59.359191067 -0.278531518 0.960230306 0.019441037 10.293255315 -0.022068579 0.013837978 -0.999660687 1.143146548 0.000000000 0.000000000 0.000000000 1.000000000 
1619726176732962 -0.961826398 -0.273186821 0.016091623 57.093786567 -0.272951589 0.961904675 0.015389152 9.701003238 -0.019682721 0.010409459 -0.999752086 1.167705517 0.000000000 0.000000000 0.000000000 1.000000000 
1619726176982971 -0.963636505 -0.267126669 0.006930349 54.774430487 -0.267089409 0.963653971 0.005854158 9.122523254 -0.008242260 0.003790258 -0.999958849 1.183230171 0.000000000 0.000000000 0.000000000 1.000000000 
1619726177232349 -0.965230444 -0.261345375 0.005365210 52.449698706 -0.261300585 0.965225734 0.007828630 8.536121139 -0.007224615 0.006154499 -0.999954963 1.184932606 0.000000000 0.000000000 0.000000000 1.000000000 
1619726177482348 -0.967720338 -0.251843785 0.009594511 50.108189564 -0.251860311 0.967763451 -0.000535161 7.981948832 -0.009150440 -0.002934362 -0.999953828 1.188041766 0.000000000 0.000000000 0.000000000 1.000000000 
1619726177732354 -0.969775576 -0.243997788 -0.000641801 47.737271540 -0.243995452 0.969773010 -0.002555150 7.436067953 0.001245852 -0.002321325 -0.999996530 1.197658710 0.000000000 0.000000000 0.000000000 1.000000000 
1619726177982352 -0.971626174 -0.236340386 0.009262825 45.391559970 -0.236315991 0.971669363 0.003660890 6.898065207 -0.009865619 0.001368063 -0.999950398 1.189172835 0.000000000 0.000000000 0.000000000 1.000000000 
1619726178232361 -0.973726215 -0.227715621 -0.001689269 43.000279504 -0.227694328 0.973696990 -0.008334542 6.403237740 0.003542741 -0.007730925 -0.999963840 1.194227392 0.000000000 0.000000000 0.000000000 1.000000000 
