1617900271293945 0.832741628 -0.553639764 0.004938852 -4.305330869 0.553167107 0.832341488 0.034839634 -0.152100844 -0.023399419 -0.026280403 0.999380712 0.160467740 0.000000000 0.000000000 0.000000000 1.000000000 
1617900280731201 0.788129213 -0.615478070 0.006252088 -3.160647085 0.614877621 0.787739352 0.037312521 -0.024357653 -0.027890054 -0.025562819 0.999284087 0.162517431 0.000000000 0.000000000 0.000000000 1.000000000 
1617900281560303 0.756752925 -0.653692444 0.003346470 -1.382889104 0.653313939 0.756471068 0.030535567 0.133794893 -0.022492377 -0.020921584 0.999528079 0.190123822 0.000000000 0.000000000 0.000000000 1.000000000 
1617900281975098 0.748839266 -0.662751633 -0.000166623 -0.168193998 0.662512473 0.748562239 0.027051767 0.218164650 -0.017803875 -0.020367815 0.999634020 0.205898529 0.000000000 0.000000000 0.000000000 1.000000000 
1617900282493897 0.749912650 -0.661529663 0.003085751 1.629418491 0.661312378 0.749771531 0.022551948 0.358643350 -0.017232391 -0.014871346 0.999740910 0.222071410 0.000000000 0.000000000 0.000000000 1.000000000 
1617900283012695 0.752815458 -0.658128088 0.011675049 3.717347904 0.658007770 0.752903590 0.012726289 0.544936284 -0.017165714 -0.001898274 0.999850856 0.239706181 0.000000000 0.000000000 0.000000000 1.000000000 
1617900283220215 0.753560121 -0.657141639 0.017663789 4.616833386 0.657129195 0.753742472 0.007314871 0.631226880 -0.018120855 0.006095197 0.999817225 0.250124115 0.000000000 0.000000000 0.000000000 1.000000000 
1617900283531250 0.746775568 -0.664508506 0.027471727 6.005914360 0.664443164 0.747229800 0.012763555 0.742528694 -0.029009184 0.008721891 0.999541093 0.267793198 0.000000000 0.000000000 0.000000000 1.000000000 
1617900283738770 0.741594475 -0.670134493 0.030941822 6.982608662 0.670068924 0.742167281 0.013977271 0.807673270 -0.032330659 0.010367686 0.999423454 0.277820784 0.000000000 0.000000000 0.000000000 1.000000000 
1617900284049805 0.736089860 -0.676111576 0.032324212 8.511064500 0.676171022 0.736666793 0.010713742 0.901097849 -0.031055859 0.013970419 0.999420012 0.317148521 0.000000000 0.000000000 0.000000000 1.000000000 
1617900284257080 0.736010273 -0.676170740 0.032893908 9.562402833 0.675899039 0.736710056 0.020464176 0.947294928 -0.038070549 0.007171117 0.999249322 0.337497035 0.000000000 0.000000000 0.000000000 1.000000000 
1617900284567871 0.738207338 -0.673553730 0.037085026 11.204709760 0.673144994 0.739105975 0.024457629 1.044170203 -0.043883291 0.006908798 0.999012775 0.381727497 0.000000000 0.000000000 0.000000000 1.000000000 
1617900284775147 0.741602322 -0.670306142 0.026752030 12.361855838 0.669999522 0.742079579 0.020458206 1.112179078 -0.033565396 0.002751994 0.999432734 0.412698456 0.000000000 0.000000000 0.000000000 1.000000000 
1617900284982666 0.746449453 -0.664859520 0.027839399 13.538321838 0.664761017 0.746924948 0.013996891 1.202735330 -0.030099908 0.008058576 0.999514410 0.451745548 0.000000000 0.000000000 0.000000000 1.000000000 
1617900285293701 0.754769679 -0.654400537 0.045636267 15.309748959 0.653538782 0.756135977 0.033844406 1.343359289 -0.056655021 0.004280339 0.998384639 0.486950407 0.000000000 0.000000000 0.000000000 1.000000000 
1617900285501343 0.764642983 -0.643415806 0.036567881 16.561516215 0.643219083 0.765459246 0.018475754 1.472119512 -0.039878815 0.009393803 0.999160366 0.548649983 0.000000000 0.000000000 0.000000000 1.000000000 
1617900285812622 0.783408643 -0.620540839 0.034640494 18.419172537 0.620342541 0.784135597 0.017507051 1.697313250 -0.038026684 0.007773797 0.999246486 0.607425907 0.000000000 0.000000000 0.000000000 1.000000000 
1617900286020020 0.793370272 -0.607678023 0.035930933 19.656764109 0.607545256 0.794128720 0.015758729 1.878706775 -0.038110019 0.009327160 0.999230019 0.636647737 0.000000000 0.000000000 0.000000000 1.000000000 
1617900286227539 0.802446754 -0.596017253 0.029028274 20.901795768 0.595919501 0.802941268 0.012855708 2.073376365 -0.030970223 0.006982493 0.999495918 0.676186924 0.000000000 0.000000000 0.000000000 1.000000000 
1617900286538818 0.815148671 -0.578682567 0.025673529 22.749729214 0.578589134 0.815535457 0.011684696 2.398199259 -0.027699403 0.005329661 0.999602090 0.715195712 0.000000000 0.000000000 0.000000000 1.000000000 
1617900286746338 0.822445505 -0.568060150 0.029850568 23.967871477 0.568023618 0.822945095 0.010513812 2.641488041 -0.030537856 0.008308790 0.999499076 0.740250988 0.000000000 0.000000000 0.000000000 1.000000000 
1617900287057129 0.829454159 -0.557808865 0.029241558 25.791516156 0.557701387 0.829948001 0.012469155 3.015656560 -0.031224377 0.005965465 0.999494598 0.778215057 0.000000000 0.000000000 0.000000000 1.000000000 
1617900287264526 0.830839314 -0.555798416 0.028180766 27.024768305 0.555798370 0.831273093 0.008556607 3.278833198 -0.028181661 0.008553658 0.999566220 0.800631517 0.000000000 0.000000000 0.000000000 1.000000000 
1617900287471924 0.828538987 -0.559009796 0.032112230 28.260276834 0.558843766 0.829141406 0.014770699 3.533897976 -0.034882545 0.005707620 0.999375120 0.829967789 0.000000000 0.000000000 0.000000000 1.000000000 
1617900287782959 0.824302267 -0.565935328 0.015587705 30.189902421 0.565689513 0.824429829 0.017630443 3.898572637 -0.022828660 -0.005715013 0.999723057 0.858958504 0.000000000 0.000000000 0.000000000 1.000000000 
1617900287990479 0.822221227 -0.569019692 0.012993985 31.513483557 0.569061383 0.822294837 0.000585383 4.179324435 -0.011017981 0.006913061 0.999915403 0.892284375 0.000000000 0.000000000 0.000000000 1.000000000 
1617900288301514 0.820640379 -0.570782764 0.027502810 33.499843772 0.570545070 0.821098506 0.016600194 4.553248015 -0.032057621 0.002068803 0.999483881 0.886836859 0.000000000 0.000000000 0.000000000 1.000000000 
1617900288508789 0.822646183 -0.568168055 0.020936069 34.887707778 0.568352024 0.822777314 -0.003670068 4.846552956 -0.015140507 0.014918225 0.999774080 0.918168330 0.000000000 0.000000000 0.000000000 1.000000000 
1617900288819824 0.825932653 -0.563746002 0.005069288 36.990553902 0.563764016 0.825929283 -0.003309708 5.246484517 -0.002321038 0.005591478 0.999981674 0.921260030 0.000000000 0.000000000 0.000000000 1.000000000 
1617900289027222 0.826756502 -0.561860239 0.028049213 38.361491712 0.562044746 0.827105375 0.001549962 5.546089564 -0.024070516 0.014483472 0.999605342 0.909028654 0.000000000 0.000000000 0.000000000 1.000000000 
1617900289234619 0.826251174 -0.562778670 0.024272735 39.773554969 0.562987305 0.826462616 -0.002199579 5.837277097 -0.018822632 0.015482646 0.999702954 0.924401063 0.000000000 0.000000000 0.000000000 1.000000000 
1617900289546021 0.821552484 -0.569919416 0.015600527 41.917043034 0.570101614 0.821486434 -0.012007816 6.257304988 -0.005972134 0.018758937 0.999806199 0.937696704 0.000000000 0.000000000 0.000000000 1.000000000 
1617900289753662 0.817881272 -0.575139486 0.016875916 43.336395220 0.575261023 0.817964155 -0.003065555 6.519775299 -0.012040772 0.012215317 0.999852892 0.931394089 0.000000000 0.000000000 0.000000000 1.000000000 
1617900290064942 0.813757567 -0.581144980 0.008314649 45.503239997 0.581196039 0.813739506 -0.006259480 6.906938212 -0.003128293 0.009926140 0.999945841 0.935303758 0.000000000 0.000000000 0.000000000 1.000000000 
1617900290272217 0.811493097 -0.584267685 0.010498858 46.947087276 0.584340427 0.811486552 -0.005986768 7.164086956 -0.005021807 0.010993128 0.999926964 0.930533506 0.000000000 0.000000000 0.000000000 1.000000000 
1617900290479248 0.810952741 -0.584939091 0.014209587 48.394069584 0.585013063 0.811022764 -0.001339148 7.417517335 -0.010740978 0.009398780 0.999898142 0.922053632 0.000000000 0.000000000 0.000000000 1.000000000 
1617900290790039 0.813380424 -0.581705229 0.005595731 50.607543560 0.581725750 0.813378950 -0.003136216 7.801345378 -0.002727096 0.005806118 0.999979426 0.920523531 0.000000000 0.000000000 0.000000000 1.000000000 
1617900290997315 0.817435103 -0.575983336 0.006561079 52.087972442 0.576004880 0.817444049 -0.001898775 8.079680608 -0.004269652 0.005331339 0.999976673 0.914570896 0.000000000 0.000000000 0.000000000 1.000000000 
1617900291308350 0.825995881 -0.563647466 0.005686712 54.335779936 0.563633060 0.826015447 0.004031730 8.514519793 -0.006969786 -0.000124974 0.999975703 0.905535771 0.000000000 0.000000000 0.000000000 1.000000000 
1617900291515991 0.832752719 -0.553644669 0.000699960 55.864620136 0.553644761 0.832752949 0.000071269 8.839010297 -0.000622352 0.000328180 0.999999752 0.901098254 0.000000000 0.000000000 0.000000000 1.000000000 
1617900291723633 0.839219638 -0.543748100 -0.006957210 57.410307636 0.543739035 0.839247863 -0.003299345 9.180473559 0.007632837 -0.001014031 0.999970355 0.888724132 0.000000000 0.000000000 0.000000000 1.000000000 
1617900292035156 0.848649732 -0.528954559 -0.000840319 59.735769396 0.528943772 0.848640739 -0.005232769 9.749105266 0.003481025 0.003996306 0.999985956 0.854851129 0.000000000 0.000000000 0.000000000 1.000000000 
1617900292242676 0.854158474 -0.520006932 -0.002468274 61.309388415 0.519980251 0.854148502 -0.007132660 10.153029517 0.005817306 0.004808968 0.999971516 0.837724126 0.000000000 0.000000000 0.000000000 1.000000000 
1617900292553955 0.861000342 -0.508588266 0.004048089 63.680523154 0.508592264 0.861007495 0.000048187 10.787024308 -0.003509943 0.002017338 0.999991805 0.808802762 0.000000000 0.000000000 0.000000000 1.000000000 
1617900292761109 0.863817027 -0.503804906 -0.000872452 65.287220529 0.503805296 0.863817190 0.000292296 11.225974308 0.000606379 -0.000692037 0.999999577 0.802178367 0.000000000 0.000000000 0.000000000 1.000000000 
1617900293072022 0.864964248 -0.501827212 -0.002509783 67.705385797 0.501830828 0.864965130 0.001069757 11.899839978 0.001634041 -0.002184788 0.999996278 0.784864340 0.000000000 0.000000000 0.000000000 1.000000000 
1617900293279297 0.863597197 -0.504153362 -0.005410047 69.326438620 0.504144989 0.863614117 -0.002913356 12.350540338 0.006140971 -0.000211483 0.999981122 0.771884835 0.000000000 0.000000000 0.000000000 1.000000000 
1617900293486572 0.860759217 -0.508918752 -0.009760844 70.951785769 0.508852498 0.860811224 -0.008554090 12.796041652 0.012755581 0.002396182 0.999915773 0.751172141 0.000000000 0.000000000 0.000000000 1.000000000 
1617900293797730 0.854611072 -0.519103289 -0.013103111 73.395154673 0.518954781 0.854699770 -0.013199927 13.440648204 0.018051351 0.004480882 0.999827020 0.702097453 0.000000000 0.000000000 0.000000000 1.000000000 
1617900294005127 0.849091195 -0.528080533 -0.013232277 75.028849302 0.527855723 0.849160250 -0.017181577 13.851805829 0.020309580 0.007603992 0.999764822 0.662482676 0.000000000 0.000000000 0.000000000 1.000000000 
1617900294316406 0.834628142 -0.550813437 0.000650041 77.461768990 0.550750597 0.834513879 -0.016135858 14.429899224 0.008345379 0.013825451 0.999869597 0.606598249 0.000000000 0.000000000 0.000000000 1.000000000 
1617900294524048 0.819381737 -0.573237011 0.003591533 79.100163841 0.573154762 0.819118859 -0.023192967 14.769763357 0.010353175 0.021062398 0.999724556 0.581630381 0.000000000 0.000000000 0.000000000 1.000000000 
1617900294731690 0.799352291 -0.600860746 0.001509734 80.743471403 0.600700732 0.799076047 -0.025221035 15.041948382 0.013947937 0.021067390 0.999680759 0.554200820 0.000000000 0.000000000 0.000000000 1.000000000 
1617900295042969 0.761654899 -0.647960849 0.005343521 83.198093137 0.647869020 0.761340583 -0.025024975 15.331139723 0.012146965 0.022522297 0.999672545 0.504916567 0.000000000 0.000000000 0.000000000 1.000000000 
1617900295250122 0.730917719 -0.682351603 0.012473097 84.824489137 0.682429096 0.730567534 -0.023698261 15.436679604 0.007058106 0.025833483 0.999641343 0.474495356 0.000000000 0.000000000 0.000000000 1.000000000 
1617900295560913 0.681915352 -0.731411608 0.005339686 87.284791875 0.731115811 0.681388917 -0.034333870 15.444741230 0.021473788 0.027316722 0.999396154 0.446267983 0.000000000 0.000000000 0.000000000 1.000000000 
1617900295768189 0.647855974 -0.761750214 0.004387315 88.912325597 0.761280250 0.647229823 -0.039318409 15.359130651 0.027111205 0.028812642 0.999217101 0.409313500 0.000000000 0.000000000 0.000000000 1.000000000 
1617900295975342 0.611596062 -0.791130590 0.007914952 90.517245759 0.790808558 0.610983486 -0.036345632 15.195158190 0.023918237 0.028488057 0.999307935 0.365872537 0.000000000 0.000000000 0.000000000 1.000000000 
1617900296286133 0.551957061 -0.833614358 0.020748600 92.891944588 0.833749242 0.551276721 -0.030922139 14.814435690 0.014338919 0.034366823 0.999306418 0.319629597 0.000000000 0.000000000 0.000000000 1.000000000 
1617900296493652 0.508873655 -0.860614393 0.019760311 94.469166744 0.860590699 0.508037769 -0.035794892 14.459246670 0.020766615 0.035220618 0.999163778 0.308822863 0.000000000 0.000000000 0.000000000 1.000000000 
1617900296805176 0.440795120 -0.897341719 0.021851788 96.783499529 0.897353145 0.439959703 -0.034536835 13.772457017 0.021377437 0.034832440 0.999164504 0.273212711 0.000000000 0.000000000 0.000000000 1.000000000 
1617900297012818 0.395248077 -0.918350690 0.020272348 98.303232478 0.918147521 0.394295415 -0.039195087 13.215992921 0.028001541 0.034104788 0.999025914 0.259768566 0.000000000 0.000000000 0.000000000 1.000000000 
1617900297220459 0.346842201 -0.937628216 0.023533288 99.799712043 0.937220270 0.345501603 -0.047400510 12.592732203 0.036313267 0.038496371 0.998598706 0.226502778 0.000000000 0.000000000 0.000000000 1.000000000 
1617900297531494 0.261005362 -0.965065338 0.022914924 101.974535381 0.963953439 0.259287130 -0.059698846 11.487183777 0.051671742 0.037670638 0.997953383 0.173174768 0.000000000 0.000000000 0.000000000 1.000000000 
1617900297738892 0.200926410 -0.979115271 0.031013926 103.335819464 0.978834033 0.199410452 -0.046037026 10.643278166 0.038891054 0.039607541 0.998458176 0.129541858 0.000000000 0.000000000 0.000000000 1.000000000 
1617900298049805 0.109042525 -0.993467401 0.033648929 105.288299938 0.993490558 0.107797764 -0.036825987 9.204907987 0.032958138 0.037445492 0.998755023 0.103275435 0.000000000 0.000000000 0.000000000 1.000000000 
1617900298256958 0.051223200 -0.997811813 0.041806324 106.530259103 0.998056054 0.049657898 -0.037659069 8.161926090 0.035500650 0.043654073 0.998415758 0.095110736 0.000000000 0.000000000 0.000000000 1.000000000 
1617900298567627 -0.028780525 -0.998276018 0.051153429 108.272711002 0.999355196 -0.029835255 -0.019976226 6.457857913 0.021467963 0.050545519 0.998491000 0.101611424 0.000000000 0.000000000 0.000000000 1.000000000 
1617900298774902 -0.077777259 -0.996075196 0.042248088 109.389522396 0.996639566 -0.078773784 -0.022455896 5.212926832 0.025695802 0.040359558 0.998854760 0.124436854 0.000000000 0.000000000 0.000000000 1.000000000 
1617900298982300 -0.119324164 -0.992205957 0.035903791 110.455850367 0.992551668 -0.120103984 -0.020401482 3.909131643 0.024554660 0.033201978 0.999146985 0.140137370 0.000000000 0.000000000 0.000000000 1.000000000 
1617900299293579 -0.166955109 -0.985292596 0.036393565 111.993421672 0.985721372 -0.167619859 -0.016029962 1.866957930 0.021894487 0.033197631 0.999208962 0.150375795 0.000000000 0.000000000 0.000000000 1.000000000 
1617900299501221 -0.190859019 -0.980723080 0.041893612 113.001166405 0.981273893 -0.191747441 -0.018288417 0.456979774 0.025968865 0.037618598 0.998954683 0.162609733 0.000000000 0.000000000 0.000000000 1.000000000 
1617900299812622 -0.214254523 -0.975470296 0.050524263 114.495328909 0.976055319 -0.215798612 -0.027330822 -1.729109598 0.037563471 0.043458723 0.998348799 0.183952938 0.000000000 0.000000000 0.000000000 1.000000000 
1617900300020142 -0.219819877 -0.974342911 0.048323015 115.484877767 0.974597688 -0.221515073 -0.033021479 -3.230073965 0.042878520 0.039836721 0.998285765 0.196477747 0.000000000 0.000000000 0.000000000 1.000000000 
1617900300227539 -0.218332029 -0.974719448 0.047467066 116.481545803 0.974741549 -0.220163587 -0.037508754 -4.744976949 0.047011032 0.038078760 0.998168308 0.199231032 0.000000000 0.000000000 0.000000000 1.000000000 
1617900300538574 -0.210927092 -0.976527051 0.043642647 117.994614104 0.976491569 -0.212528292 -0.035999169 -7.039966345 0.044429459 0.035023477 0.998398407 0.194391341 0.000000000 0.000000000 0.000000000 1.000000000 
1617900300745972 -0.204506670 -0.978127151 0.038003917 119.026860110 0.977884375 -0.205885285 -0.036788572 -8.580994980 0.043808349 0.029639928 0.998600172 0.189040069 0.000000000 0.000000000 0.000000000 1.000000000 
1617900301056885 -0.190508347 -0.981056989 0.035124823 120.598714405 0.980826060 -0.191716602 -0.034999769 -10.875651316 0.041070780 0.027783594 0.998769875 0.174944623 0.000000000 0.000000000 0.000000000 1.000000000 
1617900301264404 -0.178534163 -0.983340934 0.034149099 121.685337814 0.982693272 -0.179943857 -0.043978884 -12.393502285 0.049391157 0.025706357 0.998448645 0.163603379 0.000000000 0.000000000 0.000000000 1.000000000 
1617900301471802 -0.166067875 -0.985460317 0.035908551 122.766277383 0.985321123 -0.167284492 -0.034032104 -13.885997781 0.039544232 0.029729814 0.998775446 0.145853494 0.000000000 0.000000000 0.000000000 1.000000000 
1617900301783081 -0.139792072 -0.989662337 0.032041165 124.435495904 0.989542702 -0.140790404 -0.031357661 -16.097770786 0.035544585 0.027322549 0.998994525 0.140637529 0.000000000 0.000000000 0.000000000 1.000000000 
1617900301990479 -0.122671917 -0.991893113 0.033161034 125.577714489 0.991803658 -0.123727077 -0.031892245 -17.530688043 0.035736616 0.028976952 0.998941055 0.137470186 0.000000000 0.000000000 0.000000000 1.000000000 
1617900302301758 -0.098941159 -0.994248426 0.040996516 127.297366927 0.994908279 -0.099633177 -0.015190323 -19.614131038 0.019187567 0.039284825 0.999043813 0.142788840 0.000000000 0.000000000 0.000000000 1.000000000 
1617900302509155 -0.083673294 -0.995785287 0.037555865 128.478821974 0.996121047 -0.084612591 -0.024157185 -20.978144608 0.027233068 0.035388876 0.999002496 0.166561452 0.000000000 0.000000000 0.000000000 1.000000000 
1617900302820313 -0.065020266 -0.997167161 0.037815581 130.250424713 0.997496538 -0.066004198 -0.025379182 -22.955673300 0.027803274 0.036070749 0.998962401 0.180823201 0.000000000 0.000000000 0.000000000 1.000000000 
1617900303027588 -0.052094093 -0.997804427 0.040896587 131.426496459 0.998409217 -0.052922767 -0.019447801 -24.234079999 0.021569462 0.039818413 0.998974100 0.189779878 0.000000000 0.000000000 0.000000000 1.000000000 
1617900303234863 -0.041159733 -0.998826995 0.025505099 132.617829069 0.998857754 -0.041754255 -0.023232944 -25.511640642 0.024270638 0.024519705 0.999404683 0.206652056 0.000000000 0.000000000 0.000000000 1.000000000 
1617900303545899 -0.024738177 -0.999099849 0.034460325 134.392595379 0.999584240 -0.025231471 -0.013954240 -27.342761280 0.014811164 0.034100795 0.999308644 0.209840384 0.000000000 0.000000000 0.000000000 1.000000000 
1617900303753296 -0.016567399 -0.999522725 0.026073805 135.588876721 0.999729804 -0.016984803 -0.015869344 -28.556812419 0.016304628 0.025803847 0.999534052 0.218479776 0.000000000 0.000000000 0.000000000 1.000000000 
1617900304064453 -0.011475267 -0.999758040 0.018766450 137.394094950 0.999520600 -0.012008214 -0.028537233 -30.339794802 0.028755679 0.018429981 0.999416553 0.223486379 0.000000000 0.000000000 0.000000000 1.000000000 
1617900304272095 -0.012172627 -0.999499333 0.029204621 138.561238190 0.999748339 -0.012715678 -0.018481596 -31.501622392 0.018843700 0.028972302 0.999402582 0.201676684 0.000000000 0.000000000 0.000000000 1.000000000 
1617900304479736 -0.013120932 -0.999639321 0.023432232 139.735749998 0.999667809 -0.013634002 -0.021872030 -32.673249773 0.022183617 0.023137467 0.999486140 0.209254409 0.000000000 0.000000000 0.000000000 1.000000000 
1617900304791016 -0.010190131 -0.999777497 0.018469377 141.454994081 0.999810320 -0.010493571 -0.016407581 -34.395204262 0.016597740 0.018298679 0.999694790 0.205756300 0.000000000 0.000000000 0.000000000 1.000000000 
1617900304998291 0.000288458 -0.999670382 0.025671867 142.567663281 0.999978701 0.000120968 -0.006525573 -35.491041077 0.006520317 0.025673203 0.999649125 0.205995194 0.000000000 0.000000000 0.000000000 1.000000000 
1617900305308716 0.038442110 -0.998969506 0.024127380 144.257505851 0.999189894 0.038140482 -0.012839724 -37.041400502 0.011906263 0.024601420 0.999626436 0.232560415 0.000000000 0.000000000 0.000000000 1.000000000 
1617900305515747 0.078059144 -0.996603102 0.026249309 145.383004386 0.996883049 0.077724713 -0.013529776 -37.985926940 0.011443596 0.027223614 0.999563864 0.244054660 0.000000000 0.000000000 0.000000000 1.000000000 
1617900305722778 0.127925829 -0.991257861 0.032292971 146.519774848 0.991705000 0.127437566 -0.016758893 -38.839764870 0.012497047 0.034168996 0.999337933 0.252325606 0.000000000 0.000000000 0.000000000 1.000000000 
1617900306033692 0.222083387 -0.974687303 0.025761038 148.243360948 0.974973329 0.221714529 -0.016421795 -39.963682530 0.010294519 0.028763333 0.999533238 0.269898848 0.000000000 0.000000000 0.000000000 1.000000000 
1617900306241333 0.300005161 -0.953743477 0.019242770 149.409386617 0.953911256 0.299785989 -0.013478761 -40.579549467 0.007086567 0.022399593 0.999723981 0.273803782 0.000000000 0.000000000 0.000000000 1.000000000 
1617900306552857 0.431543302 -0.902040874 0.009624960 151.178705123 0.902086580 0.431478302 -0.008141081 -41.267747025 0.003190627 0.012195776 0.999920538 0.278813080 0.000000000 0.000000000 0.000000000 1.000000000 
1617900306760742 0.521616249 -0.853126505 0.009573636 152.356700872 0.853179804 0.521594235 -0.004865698 -41.550442834 -0.000842497 0.010706060 0.999942334 0.276087864 0.000000000 0.000000000 0.000000000 1.000000000 
1617900307072388 0.652898671 -0.757357581 0.011524781 154.100713961 0.757438822 0.652754797 -0.014057241 -41.702287631 0.003123502 0.017907271 0.999834773 0.275888292 0.000000000 0.000000000 0.000000000 1.000000000 
1617900307279785 0.736054996 -0.676894173 0.006109123 155.220540270 0.676891844 0.735907694 -0.016040523 -41.646155396 0.006361986 0.015941923 0.999852679 0.266635852 0.000000000 0.000000000 0.000000000 1.000000000 
1617900307487305 0.810277071 -0.586046959 -0.000173783 156.295059568 0.585932562 0.810124691 -0.019519705 -41.458992670 0.011580250 0.015714544 0.999809457 0.259141715 0.000000000 0.000000000 0.000000000 1.000000000 
1617900307798096 0.904517616 -0.426429736 -0.002358537 157.767848945 0.426348198 0.904429393 -0.015319516 -40.959556781 0.008665828 0.012851215 0.999879868 0.232897327 0.000000000 0.000000000 0.000000000 1.000000000 
1617900308005249 0.952356922 -0.304929083 -0.005877769 158.646119865 0.304835586 0.952315946 -0.013023260 -40.486283450 0.009568664 0.010611038 0.999897918 0.217493644 0.000000000 0.000000000 0.000000000 1.000000000 
1617900308316040 0.994673235 -0.102637368 -0.009525072 159.781738192 0.102474621 0.994603059 -0.016239037 -39.577348738 0.011140397 0.015176458 0.999822768 0.193298477 0.000000000 0.000000000 0.000000000 1.000000000 
1617900308523316 0.999096987 0.040788894 -0.011894378 160.402154803 -0.040911638 0.999110033 -0.010265463 -38.874078757 0.011465075 0.010742812 0.999876564 0.176735904 0.000000000 0.000000000 0.000000000 1.000000000 
1617900308730591 0.981694666 0.189924608 -0.014290756 160.899651723 -0.190014894 0.981767237 -0.005237624 -38.100671630 0.013035442 0.007857203 0.999884164 0.156085129 0.000000000 0.000000000 0.000000000 1.000000000 
1617900309042114 0.909890057 0.414455184 -0.018082734 161.378027146 -0.414622065 0.909970030 -0.006564161 -36.832330780 0.013734195 0.013470165 0.999814946 0.133618043 0.000000000 0.000000000 0.000000000 1.000000000 
1617900309249756 0.831530676 0.554900061 -0.025350693 161.524915831 -0.555176368 0.831717819 -0.004966815 -35.955330507 0.018328537 0.018204165 0.999666281 0.115444442 0.000000000 0.000000000 0.000000000 1.000000000 
1617900309561157 0.675002325 0.737234015 -0.029289401 161.465968953 -0.737618019 0.675208279 -0.003665742 -34.641371290 0.017073936 0.024078774 0.999564252 0.086716683 0.000000000 0.000000000 0.000000000 1.000000000 
1617900309768799 0.546682091 0.836556535 -0.036219543 161.263821631 -0.837043153 0.547128800 0.002972751 -33.785299215 0.022303629 0.028692171 0.999339436 0.063239858 0.000000000 0.000000000 0.000000000 1.000000000 
1617900309976196 0.404079246 0.913921908 -0.038297648 160.916110521 -0.914432043 0.404653781 0.008328062 -32.973254079 0.023108487 0.031655400 0.999231672 0.047870359 0.000000000 0.000000000 0.000000000 1.000000000 
1617900310287110 0.170260900 0.984915630 -0.030861422 160.147699692 -0.985075895 0.170923552 0.020263795 -31.872017052 0.025233072 0.026950711 0.999318243 0.014826165 0.000000000 0.000000000 0.000000000 1.000000000 
1617900310494385 0.021467119 0.999377526 -0.027995048 159.470496119 -0.999519492 0.022079578 0.021754922 -31.209651853 0.022359499 0.027514581 0.999371303 0.003649925 0.000000000 0.000000000 0.000000000 1.000000000 
1617900310805542 -0.169467458 0.985040751 -0.031232999 158.262317464 -0.985366476 -0.168765829 0.023895657 -30.336927592 0.018267133 0.034825486 0.999226449 -0.010999296 0.000000000 0.000000000 0.000000000 1.000000000 
1617900311013428 -0.274185249 0.961351953 -0.024997426 157.354880833 -0.961517615 -0.273574134 0.025319338 -29.861683210 0.017502146 0.030977654 0.999366829 -0.017490401 0.000000000 0.000000000 0.000000000 1.000000000 
1617900311221069 -0.364057775 0.931239485 -0.015967412 156.388447849 -0.931143014 -0.363529327 0.028620205 -29.465248519 0.020847643 0.025287352 0.999462819 -0.022854575 0.000000000 0.000000000 0.000000000 1.000000000 
1617900311532349 -0.467779828 0.883783181 -0.010455676 154.816720370 -0.883702959 -0.467459814 0.023460637 -28.988805807 0.015846508 0.020214124 0.999670084 -0.021646153 0.000000000 0.000000000 0.000000000 1.000000000 
1617900311739746 -0.519255252 0.854575743 -0.008618698 153.701210776 -0.854526459 -0.519023929 0.019967281 -28.739379424 0.012590243 0.017733020 0.999763485 -0.016198995 0.000000000 0.000000000 0.000000000 1.000000000 
1617900312050659 -0.563324537 0.826211163 -0.006370326 151.951146058 -0.825929496 -0.562889122 0.031564272 -28.411334236 0.022492966 0.023042369 0.999481423 -0.014729341 0.000000000 0.000000000 0.000000000 1.000000000 
1617900312257691 -0.574296544 0.818644672 -0.002093010 150.716961887 -0.818331620 -0.574002179 0.029237961 -28.221388716 0.022734109 0.018504036 0.999570288 -0.009007706 0.000000000 0.000000000 0.000000000 1.000000000 
1617900312568482 -0.571972935 0.820272298 0.000564474 148.774920044 -0.820195728 -0.571928687 0.013287049 -27.925067386 0.011221838 0.007136853 0.999911564 0.010537921 0.000000000 0.000000000 0.000000000 1.000000000 
1617900312775635 -0.554556231 0.831997431 0.015737258 147.460887511 -0.831973295 -0.554727372 0.009898417 -27.714237312 0.016965345 -0.007603750 0.999827165 0.016048396 0.000000000 0.000000000 0.000000000 1.000000000 
1617900312982910 -0.526896667 0.849750305 0.017444839 146.124855872 -0.849640047 -0.527141846 0.015273042 -27.430703757 0.022174177 -0.006774519 0.999731170 0.022907246 0.000000000 0.000000000 0.000000000 1.000000000 
1617900313294190 -0.479064193 0.877767545 0.004651440 144.068785532 -0.877739428 -0.479086262 0.007060431 -26.888907372 0.008425858 -0.000700353 0.999964257 0.050306869 0.000000000 0.000000000 0.000000000 1.000000000 
1617900313501465 -0.445976446 0.895043276 -0.001595109 142.714182028 -0.894949598 -0.445902374 0.015371714 -26.447849794 0.013047086 0.008282964 0.999880576 0.052669916 0.000000000 0.000000000 0.000000000 1.000000000 
1617900313812500 -0.393276204 0.919420255 -0.000470216 140.671627689 -0.919160120 -0.393152662 0.023992893 -25.692450035 0.021874685 0.009868038 0.999712019 0.061458252 0.000000000 0.000000000 0.000000000 1.000000000 
1617900314019776 -0.355413917 0.934695486 -0.005029556 139.302323393 -0.934455307 -0.355186938 0.025209496 -25.106461558 0.021776770 0.013659701 0.999669538 0.073227031 0.000000000 0.000000000 0.000000000 1.000000000 
1617900314227051 -0.314965688 0.949067302 -0.008238460 137.931616978 -0.948923081 -0.314725061 0.022206369 -24.457198778 0.018482489 0.014811910 0.999719463 0.082285971 0.000000000 0.000000000 0.000000000 1.000000000 
1617900314538330 -0.251973113 0.967721397 -0.004984758 135.884949586 -0.967632112 -0.251868349 0.015825021 -23.362485189 0.014058709 0.008810891 0.999862351 0.085056308 0.000000000 0.000000000 0.000000000 1.000000000 
1617900314745850 -0.207363235 0.978263928 0.000419540 134.534318114 -0.978179651 -0.207350965 0.013044062 -22.543143579 0.012847528 0.002294473 0.999914835 0.085050436 0.000000000 0.000000000 0.000000000 1.000000000 
1617900315057129 -0.136706316 0.990532530 -0.012517626 132.539245119 -0.990522049 -0.136513116 0.015173669 -21.131992170 0.013321193 0.014473321 0.999806516 0.081885542 0.000000000 0.000000000 0.000000000 1.000000000 
1617900315264526 -0.090141660 0.995772880 -0.017631023 131.240561214 -0.995846199 -0.089891832 0.014484717 -20.093856764 0.012838604 0.018863464 0.999739636 0.077241996 0.000000000 0.000000000 0.000000000 1.000000000 
1617900315471802 -0.044677132 0.998779509 -0.021058158 129.986777512 -0.998759992 -0.044192954 0.022922924 -18.984417398 0.021964325 0.022056176 0.999515429 0.059544433 0.000000000 0.000000000 0.000000000 1.000000000 
1617900315782715 0.016773647 0.999739389 -0.015485419 128.150580345 -0.999569254 0.017139798 0.023822985 -17.213585297 0.024082193 0.015079150 0.999596252 0.048794377 0.000000000 0.000000000 0.000000000 1.000000000 
1617900315989990 0.054473801 0.998515182 -0.000190274 126.968260577 -0.998167800 0.054459874 0.026365970 -15.980052618 0.026337184 -0.001246329 0.999652339 0.050852006 0.000000000 0.000000000 0.000000000 1.000000000 
1617900316300903 0.101385496 0.994840017 0.003784455 125.238727569 -0.994747330 0.101320679 0.014555742 -14.011815391 0.014097191 -0.005240318 0.999886898 0.081202018 0.000000000 0.000000000 0.000000000 1.000000000 
1617900316508423 0.131241988 0.991350074 0.000756019 124.125360843 -0.991322428 0.131232527 0.007607053 -12.635080635 0.007442038 -0.001747823 0.999970780 0.096109498 0.000000000 0.000000000 0.000000000 1.000000000 
1617900316819580 0.166934904 0.985952587 -0.005498628 122.552285698 -0.985642185 0.167020500 0.024771670 -10.492615480 0.025342076 0.001284424 0.999678013 0.100384006 0.000000000 0.000000000 0.000000000 1.000000000 
1617900317027100 0.184074764 0.982787172 -0.015679778 121.513060359 -0.982608963 0.184390804 0.021901062 -9.012823805 0.024415290 0.011375657 0.999637178 0.115235962 0.000000000 0.000000000 0.000000000 1.000000000 
1617900317234619 0.198723962 0.979966470 -0.013210031 120.493656214 -0.979653529 0.199010417 0.025957991 -7.526225862 0.028066894 0.007782779 0.999575749 0.114943053 0.000000000 0.000000000 0.000000000 1.000000000 
1617900317545899 0.216837162 0.976071905 -0.016287429 118.981750741 -0.975881251 0.217165962 0.022242497 -5.250322548 0.025247351 0.011071597 0.999619923 0.124057982 0.000000000 0.000000000 0.000000000 1.000000000 
1617900317753174 0.226346687 0.973864137 -0.018863200 117.997736054 -0.973725323 0.226727059 0.021303411 -3.719221786 0.025023426 0.013545619 0.999595090 0.123174085 0.000000000 0.000000000 0.000000000 1.000000000 
1617900318064331 0.230382815 0.972761916 -0.025651751 116.539179138 -0.972637008 0.231006304 0.024765661 -1.404757187 0.030016808 0.019244259 0.999364123 0.114718660 0.000000000 0.000000000 0.000000000 1.000000000 
1617900318271607 0.222513096 0.974506092 -0.028736701 115.560352376 -0.974446105 0.223234369 0.024923989 0.130913607 0.030703598 0.022456452 0.999276236 0.107479143 0.000000000 0.000000000 0.000000000 1.000000000 
1617900318478760 0.205201099 0.978105737 -0.034665208 114.565875497 -0.978088185 0.206212293 0.028635524 1.652991470 0.035156962 0.028029589 0.998988654 0.095557637 0.000000000 0.000000000 0.000000000 1.000000000 
1617900318789673 0.162432799 0.985936157 -0.039312606 113.000748706 -0.986009297 0.163698470 0.031440051 3.877748179 0.037433296 0.033655699 0.998732217 0.077956619 0.000000000 0.000000000 0.000000000 1.000000000 
1617900318996826 0.124794586 0.991324678 -0.041251596 111.898645979 -0.991533851 0.126108415 0.030940089 5.303211875 0.035873847 0.037041198 0.998669623 0.067720830 0.000000000 0.000000000 0.000000000 1.000000000 
1617900319308228 0.058195802 0.996993581 -0.051157092 110.137808935 -0.997836387 0.059662302 0.027621636 7.348936397 0.030590744 0.049438945 0.998308568 0.040793546 0.000000000 0.000000000 0.000000000 1.000000000 
1617900319515869 0.004772523 0.999039722 -0.043552913 108.909866874 -0.999222584 0.006468770 0.038889371 8.606599038 0.039133760 0.043333454 0.998293925 0.020995905 0.000000000 0.000000000 0.000000000 1.000000000 
1617900319723511 -0.055828698 0.997849239 -0.034351895 107.619003046 -0.997401003 -0.054168096 0.047508490 9.777109433 0.045545534 0.036914951 0.998279966 0.015762667 0.000000000 0.000000000 0.000000000 1.000000000 
1617900320034912 -0.156374157 0.987019488 -0.036601268 105.556209278 -0.986841585 -0.154588523 0.047392777 11.366620522 0.041119458 0.043530659 0.998205526 0.045650772 0.000000000 0.000000000 0.000000000 1.000000000 
1617900320242310 -0.221771456 0.974859905 -0.021577451 104.130773891 -0.974037053 -0.220443456 0.051541267 12.272313975 0.045488906 0.032447618 0.998437735 0.063836035 0.000000000 0.000000000 0.000000000 1.000000000 
1617900320553589 -0.313021357 0.949651486 -0.013404651 101.917601483 -0.948581170 -0.311907444 0.053921340 13.439222405 0.047025470 0.029593931 0.998455209 0.126041084 0.000000000 0.000000000 0.000000000 1.000000000 
1617900320760986 -0.371668691 0.928266361 -0.013562743 100.400004625 -0.927552024 -0.370691986 0.047272551 14.097217122 0.038853919 0.030149876 0.998789947 0.173044872 0.000000000 0.000000000 0.000000000 1.000000000 
1617900321072022 -0.450795556 0.892350102 -0.022240991 98.083116757 -0.892259798 -0.449755264 0.039908077 14.906874588 0.025608974 0.037835126 0.998955797 0.221349149 0.000000000 0.000000000 0.000000000 1.000000000 
1617900321279297 -0.499124481 0.866473675 -0.009905726 96.525194549 -0.866211262 -0.498597943 0.032835068 15.309074197 0.023511747 0.024969238 0.999411694 0.238502425 0.000000000 0.000000000 0.000000000 1.000000000 
1617900321486572 -0.543331867 0.839412538 -0.013306930 94.956175064 -0.839194104 -0.542613743 0.036381065 15.652968969 0.023318199 0.030934089 0.999249390 0.260094824 0.000000000 0.000000000 0.000000000 1.000000000 
1617900321797730 -0.606129841 0.795316094 -0.008884065 92.579149483 -0.795082840 -0.605578598 0.033434090 16.000192680 0.021210670 0.027328967 0.999401438 0.293409383 0.000000000 0.000000000 0.000000000 1.000000000 
1617900322005127 -0.646688659 0.762663831 -0.011732858 90.992325386 -0.762354489 -0.645775564 0.042303122 16.145956665 0.024686268 0.036301546 0.999035928 0.319086987 0.000000000 0.000000000 0.000000000 1.000000000 
1617900322316162 -0.704183008 0.710014567 -0.002367842 88.611801044 -0.709281033 -0.703295716 0.047911914 16.186003062 0.032352864 0.035418221 0.998848758 0.368873982 0.000000000 0.000000000 0.000000000 1.000000000 
1617900322523682 -0.737644414 0.675187295 0.001683764 87.005881869 -0.674834402 -0.737335148 0.030584448 16.092588429 0.021891729 0.021424185 0.999530768 0.414172834 0.000000000 0.000000000 0.000000000 1.000000000 
1617900322731079 -0.766934585 0.641710565 0.004346651 85.412639628 -0.641430216 -0.766769739 0.025128562 15.935184898 0.019458145 0.016483890 0.999674778 0.447278974 0.000000000 0.000000000 0.000000000 1.000000000 
1617900323042359 -0.799335647 0.600873557 0.003673188 83.025615830 -0.600741487 -0.799263587 0.016952408 15.593137899 0.013122099 0.011344027 0.999849550 0.480619437 0.000000000 0.000000000 0.000000000 1.000000000 
1617900323250000 -0.817126814 0.576307528 0.013168268 81.457835103 -0.575843587 -0.817097318 0.027497916 15.311198649 0.026607012 0.014886422 0.999535123 0.496608269 0.000000000 0.000000000 0.000000000 1.000000000 
1617900323561279 -0.833666757 0.552082906 0.014290005 79.076019276 -0.551922991 -0.833781508 0.013762625 14.796338967 0.019512852 0.003586461 0.999803174 0.551218108 0.000000000 0.000000000 0.000000000 1.000000000 
1617900323768555 -0.841381753 0.540211617 0.015752918 77.493437425 -0.540046632 -0.841523837 0.013684549 14.432088808 0.020649008 0.003006619 0.999782266 0.575441517 0.000000000 0.000000000 0.000000000 1.000000000 
1617900323975830 -0.847049747 0.530933791 0.024820084 75.917704210 -0.530765298 -0.847411502 0.013488659 14.038216124 0.028194409 -0.001748074 0.999600930 0.603235339 0.000000000 0.000000000 0.000000000 1.000000000 
1617900324286621 -0.851975458 0.522848342 0.027702528 73.534835590 -0.522694734 -0.852419261 0.013100297 13.432622355 0.030463637 -0.003318834 0.999530366 0.655639197 0.000000000 0.000000000 0.000000000 1.000000000 
1617900324493775 -0.854835968 0.518445906 0.021663565 71.926607359 -0.518378217 -0.855103360 0.009070169 13.018129662 0.023226980 -0.003476414 0.999724173 0.691902112 0.000000000 0.000000000 0.000000000 1.000000000 
1617900324804932 -0.858602197 0.512337110 0.017690481 69.501249179 -0.512374627 -0.858757837 0.002686628 12.370314520 0.016568298 -0.006757409 0.999839902 0.724469175 0.000000000 0.000000000 0.000000000 1.000000000 
1617900325012207 -0.859777373 0.510445964 0.015092618 67.872983590 -0.510499362 -0.859878055 0.000363253 11.930707790 0.013163232 -0.007392455 0.999886034 0.737981820 0.000000000 0.000000000 0.000000000 1.000000000 
1617900325323486 -0.858042578 0.513435090 0.012138517 65.407246664 -0.513419081 -0.858125478 0.004638108 11.276851146 0.012797738 -0.002252452 0.999915569 0.749559724 0.000000000 0.000000000 0.000000000 1.000000000 
1617900325531128 -0.856232515 0.516485365 0.010428201 63.741983654 -0.516444574 -0.856295998 0.006493480 10.844659347 0.012283414 0.000174341 0.999924541 0.758388651 0.000000000 0.000000000 0.000000000 1.000000000 
1617900325738648 -0.852540800 0.522450206 0.014831263 62.070390208 -0.522410784 -0.852667420 0.006726382 10.408558043 0.016160334 -0.002013496 0.999867386 0.772033882 0.000000000 0.000000000 0.000000000 1.000000000 
1617900326049805 -0.845627029 0.533439402 0.018903256 59.531691503 -0.533437740 -0.845821116 0.005551372 9.776409641 0.018950093 -0.005389320 0.999805906 0.799166118 0.000000000 0.000000000 0.000000000 1.000000000 
1617900326257324 -0.840586664 0.541468897 0.015016430 57.815905325 -0.541495337 -0.840699741 0.002597291 9.374345889 0.014030662 -0.005948079 0.999883874 0.822768689 0.000000000 0.000000000 0.000000000 1.000000000 
1617900326568115 -0.833634909 0.552285323 0.005810347 55.223822426 -0.552284760 -0.833653486 0.001846443 8.807092419 0.005863579 -0.001669707 0.999981415 0.838435586 0.000000000 0.000000000 0.000000000 1.000000000 
1617900326775147 -0.829498535 0.558486883 0.004958027 53.490318859 -0.558497533 -0.829505595 -0.000986538 8.439163426 0.003561742 -0.003587377 0.999987222 0.842970251 0.000000000 0.000000000 0.000000000 1.000000000 
1617900326982544 -0.826396371 0.563063480 0.005343726 51.755813483 -0.563030144 -0.826410041 0.006595571 8.090165786 0.008129834 0.002441877 0.999963971 0.839870177 0.000000000 0.000000000 0.000000000 1.000000000 
1617900327293457 -0.822053996 0.569409179 -0.000644449 49.125398341 -0.569408138 -0.822048925 0.003152176 7.573294689 0.001265109 0.002958213 0.999994824 0.848069409 0.000000000 0.000000000 0.000000000 1.000000000 
1617900327500977 -0.820983947 0.570944526 0.002776240 47.375266359 -0.570935329 -0.820987653 0.003481998 7.231628449 0.004267287 0.001273611 0.999990084 0.847055078 0.000000000 0.000000000 0.000000000 1.000000000 
1617900327812378 -0.818914978 0.573911091 -0.002077878 44.736682695 -0.573914374 -0.818904254 0.004255967 6.725903068 0.000740963 0.004677799 0.999988785 0.847225575 0.000000000 0.000000000 0.000000000 1.000000000 
