1617900271271733 0.972597455 0.230699031 0.028846982 -4.313879100 0.231313493 -0.972671014 -0.020128737 -0.161683854 0.023414943 0.026249855 -0.999381151 0.525240191 0.000000000 0.000000000 0.000000000 1.000000000 
1617900280770019 0.987774873 0.152706000 0.031331741 -3.108966446 0.153401010 -0.987938424 -0.021113989 -0.028004734 0.027729598 0.025662188 -0.999286006 0.528369026 0.000000000 0.000000000 0.000000000 1.000000000 
1617900281520660 0.993786599 0.108383046 0.025324137 -1.497085737 0.108860613 -0.993888471 -0.018305002 0.118028959 0.023185415 0.020948067 -0.999511688 0.553249140 0.000000000 0.000000000 0.000000000 1.000000000 
1617900282021918 0.995329377 0.094564591 0.019415724 -0.025276570 0.094934281 -0.995300430 -0.019092839 0.220322429 0.017518972 0.020846881 -0.999629178 0.571787189 0.000000000 0.000000000 0.000000000 1.000000000 
1617900282521919 0.995112211 0.096940457 0.018821142 1.728822364 0.097181457 -0.995190169 -0.012340668 0.361924225 0.017534305 0.014109416 -0.999746704 0.587634878 0.000000000 0.000000000 0.000000000 1.000000000 
1617900283021353 0.994697128 0.101380281 0.017310742 3.747989786 0.101391875 -0.994846543 0.000208814 0.548262678 0.017242701 0.001547462 -0.999850136 0.604985530 0.000000000 0.000000000 0.000000000 1.000000000 
1617900283271316 0.994626332 0.101953755 0.017997006 4.834546027 0.101821402 -0.994769508 0.008125720 0.652679581 0.018731321 -0.006249575 -0.999805021 0.618530501 0.000000000 0.000000000 0.000000000 1.000000000 
1617900283520688 0.995266044 0.093186586 0.027600024 5.947028704 0.092902879 -0.995610004 0.011391881 0.742294619 0.028540431 -0.008773831 -0.999554132 0.632277105 0.000000000 0.000000000 0.000000000 1.000000000 
1617900283770696 0.995987717 0.083979767 0.030917095 7.124735866 0.083574780 -0.996400777 0.014168553 0.822296239 0.031995689 -0.011527816 -0.999421525 0.645559826 0.000000000 0.000000000 0.000000000 1.000000000 
1617900284020704 0.996540297 0.077585387 0.029798381 8.354049941 0.077116312 -0.996884192 0.016582557 0.899180467 0.030992100 -0.014227245 -0.999418368 0.678399632 0.000000000 0.000000000 0.000000000 1.000000000 
1617900284270705 0.996287229 0.077259332 0.037983589 9.618322856 0.076939911 -0.996987542 0.009802653 0.953277558 0.038626512 -0.006843804 -0.999230281 0.703640265 0.000000000 0.000000000 0.000000000 1.000000000 
1617900284521330 0.995842933 0.080005388 0.043542979 10.936227891 0.079642081 -0.996773181 0.010018164 1.031747562 0.044203981 -0.006508665 -0.999001324 0.739206543 0.000000000 0.000000000 0.000000000 1.000000000 
1617900284771963 0.995816469 0.085006794 0.033517237 12.331242397 0.084867124 -0.996376706 0.005570562 1.111904451 0.033869329 -0.002702746 -0.999422615 0.777010941 0.000000000 0.000000000 0.000000000 1.000000000 
1617900285022592 0.995052197 0.093767916 0.032843612 13.749222241 0.093412505 -0.995552781 0.012196925 1.223788796 0.033841230 -0.009068573 -0.999386078 0.824750495 0.000000000 0.000000000 0.000000000 1.000000000 
1617900285271971 0.992936127 0.105056290 0.055145473 15.162276232 0.104644136 -0.994456215 0.010317029 1.333643104 0.055923627 -0.004473501 -0.998425028 0.849553597 0.000000000 0.000000000 0.000000000 1.000000000 
1617900285521977 0.991835774 0.122257530 0.036261470 16.673253763 0.121806435 -0.992449308 0.014407063 1.489698782 0.037749043 -0.009872560 -0.999238481 0.920738022 0.000000000 0.000000000 0.000000000 1.000000000 
1617900285771978 0.988595435 0.146534862 0.034736159 18.165626858 0.146126755 -0.989166471 0.014023676 1.668298928 0.036414802 -0.008787860 -0.999298122 0.968579692 0.000000000 0.000000000 0.000000000 1.000000000 
1617900286021991 0.985461689 0.166048588 0.035960059 19.654714338 0.165584257 -0.986073080 0.015547851 1.883933925 0.038040945 -0.009367392 -0.999232275 1.001738414 0.000000000 0.000000000 0.000000000 1.000000000 
1617900286271364 0.982649346 0.183322481 0.028162571 21.152721760 0.183046574 -0.983029738 0.012103104 2.118561088 0.029903416 -0.006738045 -0.999530082 1.047552688 0.000000000 0.000000000 0.000000000 1.000000000 
1617900286520743 0.979425583 0.200156460 0.025747213 22.633483136 0.199948708 -0.979750836 0.010431398 2.379249611 0.027313765 -0.005068656 -0.999614059 1.077720628 0.000000000 0.000000000 0.000000000 1.000000000 
1617900286770743 0.976161227 0.215184319 0.028371951 24.099481099 0.214838805 -0.976538183 0.014746674 2.672886450 0.030879546 -0.008299735 -0.999488653 1.107391110 0.000000000 0.000000000 0.000000000 1.000000000 
1617900287020747 0.973897450 0.225088711 0.029305783 25.565838867 0.224798730 -0.974320055 0.012882624 2.971899579 0.031452946 -0.005958452 -0.999487473 1.138228394 0.000000000 0.000000000 0.000000000 1.000000000 
1617900287270760 0.973213253 0.228430603 0.025988937 27.051362415 0.228085925 -0.973516468 0.015572353 3.290245005 0.028857860 -0.009227510 -0.999540933 1.166187599 0.000000000 0.000000000 0.000000000 1.000000000 
1617900287521385 0.974106963 0.223443670 0.034475368 28.546902425 0.223265742 -0.974716282 0.008976551 3.589999574 0.035609456 -0.001046952 -0.999365234 1.200284924 0.000000000 0.000000000 0.000000000 1.000000000 
1617900287772636 0.975872069 0.216881145 0.025224479 30.114876589 0.216962286 -0.976179862 -0.000492700 3.882529590 0.024516771 0.005953573 -0.999681691 1.221967083 0.000000000 0.000000000 0.000000000 1.000000000 
1617900288022643 0.977049817 0.212806890 0.009321053 31.712313608 0.212696873 -0.977050101 0.011538681 4.222210072 0.011562647 -0.009291307 -0.999889982 1.259638770 0.000000000 0.000000000 0.000000000 1.000000000 
1617900288272656 0.977096470 0.210614384 0.030398518 33.300506247 0.210492458 -0.977569018 0.007193079 4.515307309 0.031231616 -0.000629673 -0.999511976 1.251088878 0.000000000 0.000000000 0.000000000 1.000000000 
1617900288522027 0.976753144 0.214172707 0.009129525 34.972529225 0.213939836 -0.976609318 0.021540339 4.874963966 0.013529332 -0.019086425 -0.999726295 1.284433515 0.000000000 0.000000000 0.000000000 1.000000000 
1617900288772027 0.976024493 0.217642277 -0.002833557 36.669841267 0.217660598 -0.975927342 0.013772709 5.198514480 0.000232178 -0.014059255 -0.999901137 1.287233819 0.000000000 0.000000000 0.000000000 1.000000000 
1617900289022035 0.975046236 0.221137870 0.019567304 38.318570624 0.220792992 -0.975148272 0.018338549 5.543148526 0.023136370 -0.013560609 -0.999640344 1.274037487 0.000000000 0.000000000 0.000000000 1.000000000 
1617900289272042 0.975666221 0.218948316 0.011707255 40.026539714 0.218709460 -0.975608421 0.018824997 5.892928323 0.015543398 -0.015806427 -0.999754250 1.292881510 0.000000000 0.000000000 0.000000000 1.000000000 
1617900289521419 0.977245578 0.212104282 0.001689360 41.746612832 0.212035679 -0.977079776 0.018867501 6.231679330 0.005652517 -0.018079978 -0.999820566 1.303048361 0.000000000 0.000000000 0.000000000 1.000000000 
1617900289771424 0.978731289 0.204935298 0.009305287 43.454401681 0.204777094 -0.978684250 0.015603868 6.547544271 0.012304721 -0.013366484 -0.999834952 1.295849373 0.000000000 0.000000000 0.000000000 1.000000000 
1617900290020802 0.979962231 0.199149766 0.003660214 45.191569332 0.199094836 -0.979909036 0.011812204 6.857096037 0.005939074 -0.010846784 -0.999923534 1.298872138 0.000000000 0.000000000 0.000000000 1.000000000 
1617900290270803 0.980885225 0.194567620 0.002759878 46.935412419 0.194522957 -0.980827194 0.011782795 7.166369455 0.004999514 -0.011020710 -0.999926772 1.295557585 0.000000000 0.000000000 0.000000000 1.000000000 
1617900290520808 0.981015759 0.193736837 0.008609275 48.682855081 0.193625413 -0.980998361 0.012305095 7.473125398 0.010829635 -0.010404518 -0.999887226 1.286416964 0.000000000 0.000000000 0.000000000 1.000000000 
1617900290770815 0.980356035 0.197227326 0.001851112 50.469054221 0.197214158 -0.980343945 0.005685515 7.778536399 0.002936066 -0.005208764 -0.999982124 1.285473315 0.000000000 0.000000000 0.000000000 1.000000000 
1617900291020826 0.978642278 0.205541122 0.003483975 52.254610914 0.205515207 -0.978631408 0.006638257 8.113787712 0.004773962 -0.005780469 -0.999971897 1.278017728 0.000000000 0.000000000 0.000000000 1.000000000 
1617900291272076 0.976041023 0.217459370 0.007439353 54.068280860 0.217454499 -0.976069356 0.001467178 8.460139490 0.007580376 0.000185695 -0.999971251 1.271290588 0.000000000 0.000000000 0.000000000 1.000000000 
1617900291522699 0.972856375 0.231409675 0.000189889 55.914331328 0.231409598 -0.972856347 0.000355959 8.849867209 0.000267107 -0.000302354 -0.999999919 1.265994868 0.000000000 0.000000000 0.000000000 1.000000000 
1617900291772703 0.969446438 0.245220290 -0.006372899 57.777129255 0.245204285 -0.969466171 -0.003194002 9.265140867 -0.006961544 0.001533751 -0.999974592 1.249443765 0.000000000 0.000000000 0.000000000 1.000000000 
1617900292022088 0.965940822 0.258730756 -0.004089600 59.638451655 0.258739904 -0.965945191 0.001884187 9.725081277 -0.003462833 -0.002878156 -0.999989862 1.221091328 0.000000000 0.000000000 0.000000000 1.000000000 
1617900292272087 0.962565431 0.270976119 -0.006303528 61.534038219 0.271006418 -0.962566677 0.004573114 10.213909078 -0.004828361 -0.006110218 -0.999969676 1.200050027 0.000000000 0.000000000 0.000000000 1.000000000 
1617900292522095 0.959643324 0.281208732 0.002517824 63.434172542 0.281199266 -0.959642826 0.003552290 10.721200602 0.003415147 -0.002700921 -0.999990521 1.175963702 0.000000000 0.000000000 0.000000000 1.000000000 
1617900292771470 0.957664520 0.287886343 -0.000348713 65.367914741 0.287885911 -0.957664238 -0.000953098 11.247799874 -0.000608334 0.000812359 -0.999999485 1.166835736 0.000000000 0.000000000 0.000000000 1.000000000 
1617900293021475 0.957021657 0.290016080 -0.000470253 67.312015469 0.290013822 -0.957018608 -0.002714074 11.787573007 -0.001237166 0.002461047 -0.999996206 1.152464894 0.000000000 0.000000000 0.000000000 1.000000000 
1617900293270860 0.957770365 0.287481496 -0.005506063 69.262433929 0.287475569 -0.957786172 -0.001856294 12.332313579 -0.005807281 0.000195044 -0.999983119 1.137518770 0.000000000 0.000000000 0.000000000 1.000000000 
1617900293520242 0.959636777 0.280913402 -0.013598395 71.220367541 0.280929977 -0.959728002 -0.000714817 12.869128857 -0.013251562 -0.003134232 -0.999907282 1.111942365 0.000000000 0.000000000 0.000000000 1.000000000 
1617900293770866 0.962177408 0.271822195 -0.018092242 73.189920320 0.271866885 -0.962334867 0.000011027 13.388372567 -0.017407797 -0.004929291 -0.999836322 1.071723907 0.000000000 0.000000000 0.000000000 1.000000000 
1617900294020869 0.965463857 0.259581454 -0.022293694 75.159453298 0.259729322 -0.965673320 0.003964738 13.887811051 -0.020499253 -0.009618137 -0.999743603 1.024545623 0.000000000 0.000000000 0.000000000 1.000000000 
1617900294271499 0.970843412 0.239368511 -0.012875792 77.113806976 0.239484750 -0.970863935 0.008382924 14.356370115 -0.010494034 -0.011222062 -0.999881963 0.978503405 0.000000000 0.000000000 0.000000000 1.000000000 
1617900294522128 0.978040336 0.207915548 -0.014430041 79.088700635 0.208162304 -0.977920150 0.018456335 14.774635902 -0.010274068 -0.021054831 -0.999725531 0.946727890 0.000000000 0.000000000 0.000000000 1.000000000 
1617900294772759 0.985894519 0.166398959 -0.017982886 81.073142037 0.166748305 -0.985795174 0.020071818 15.099077384 -0.014387512 -0.022787311 -0.999636803 0.911690831 0.000000000 0.000000000 0.000000000 1.000000000 
1617900295022761 0.992816734 0.118627468 -0.015571023 83.044559404 0.118928089 -0.992700317 0.020054665 15.324767105 -0.013078325 -0.021762439 -0.999677625 0.872605497 0.000000000 0.000000000 0.000000000 1.000000000 
1617900295272770 0.997932257 0.063621834 -0.009136365 85.006062913 0.063839558 -0.997623153 0.025933662 15.451937356 -0.007464703 -0.026463299 -0.999621915 0.838158541 0.000000000 0.000000000 0.000000000 1.000000000 
1617900295522768 0.999774259 0.007495258 -0.019880964 86.990715330 0.008040810 -0.999589341 0.027504447 15.462349111 -0.019666647 -0.027658097 -0.999423960 0.817472933 0.000000000 0.000000000 0.000000000 1.000000000 
1617900295772147 0.998544909 -0.047492443 -0.025544722 88.953025096 -0.046713709 -0.998449761 0.030263893 15.367398090 -0.026942427 -0.029026568 -0.999215474 0.773135919 0.000000000 0.000000000 0.000000000 1.000000000 
1617900296021526 0.994469806 -0.103382796 -0.018487923 90.878985568 -0.102759568 -0.994192277 0.031971672 15.160358367 -0.021685871 -0.029895052 -0.999317772 0.723633715 0.000000000 0.000000000 0.000000000 1.000000000 
1617900296271533 0.986699207 -0.162362739 -0.007938215 92.784999574 -0.161988450 -0.986156592 0.035424809 14.848530126 -0.013579992 -0.033667732 -0.999340817 0.685799257 0.000000000 0.000000000 0.000000000 1.000000000 
1617900296520905 0.974901380 -0.222328750 -0.011714364 94.680107573 -0.221728860 -0.974327116 0.039025414 14.419902141 -0.020090094 -0.035448517 -0.999169551 0.671295130 0.000000000 0.000000000 0.000000000 1.000000000 
1617900296770912 0.959164518 -0.282703468 -0.009065140 96.536693529 -0.282157279 -0.958567758 0.039180659 13.870410667 -0.019766059 -0.035022902 -0.999191022 0.640664498 0.000000000 0.000000000 0.000000000 1.000000000 
1617900297020923 0.940218805 -0.340252623 -0.014722440 98.372193244 -0.339406943 -0.939700359 0.042025745 13.205911998 -0.028134052 -0.034516497 -0.999008051 0.623329227 0.000000000 0.000000000 0.000000000 1.000000000 
1617900297270928 0.916383613 -0.399648162 -0.022856509 100.175967379 -0.398142303 -0.915876484 0.051507018 12.440024855 -0.041518424 -0.038100044 -0.998411041 0.584117244 0.000000000 0.000000000 0.000000000 1.000000000 
1617900297521548 0.884132032 -0.466332952 -0.029053885 101.926930947 -0.464271593 -0.883815150 0.057642591 11.539016829 -0.052558904 -0.037474768 -0.997914427 0.539503070 0.000000000 0.000000000 0.000000000 1.000000000 
1617900297771555 0.847588106 -0.530550021 -0.010539344 103.559504107 -0.529323357 -0.846700852 0.053985649 10.516444770 -0.037565759 -0.040178873 -0.998486090 0.488365737 0.000000000 0.000000000 0.000000000 1.000000000 
1617900298022186 0.805548236 -0.592513392 -0.004463074 105.131238963 -0.591653627 -0.804743270 0.048314129 9.352294822 -0.032218397 -0.036278767 -0.998822219 0.469201112 0.000000000 0.000000000 0.000000000 1.000000000 
1617900298272191 0.762000723 -0.647574039 0.001662156 106.631557132 -0.646645764 -0.760765868 0.055538717 8.098337530 -0.034700920 -0.043395368 -0.998455151 0.459381250 0.000000000 0.000000000 0.000000000 1.000000000 
1617900298522194 0.719123162 -0.694633238 0.018615647 108.033027087 -0.694468339 -0.717511521 0.053767492 6.737495679 -0.023991746 -0.051593427 -0.998379945 0.463707155 0.000000000 0.000000000 0.000000000 1.000000000 
1617900298770945 0.676158112 -0.736648068 0.012642439 109.377880609 -0.736313869 -0.675057594 0.046250743 5.252133695 -0.025536146 -0.040581618 -0.998849857 0.488566331 0.000000000 0.000000000 0.000000000 1.000000000 
1617900299020962 0.638925738 -0.769194367 0.010673656 110.656701985 -0.768923558 -0.638162413 0.038798135 3.672974129 -0.023031781 -0.032996353 -0.999190061 0.505432575 0.000000000 0.000000000 0.000000000 1.000000000 
1617900299270336 0.609107720 -0.792976576 0.013264082 111.886792608 -0.792810614 -0.608368000 0.036601992 2.034541782 -0.020955079 -0.032810461 -0.999241892 0.513354690 0.000000000 0.000000000 0.000000000 1.000000000 
1617900299520337 0.585468053 -0.810545829 0.015576208 113.102576613 -0.810269834 -0.584430119 0.043637506 0.339095268 -0.026266994 -0.038169297 -0.998925998 0.528176794 0.000000000 0.000000000 0.000000000 1.000000000 
1617900299770340 0.569098800 -0.822121215 0.015596939 114.306235877 -0.821475645 -0.567614207 0.054698049 -1.410771545 -0.036115382 -0.043941100 -0.998381119 0.545430803 0.000000000 0.000000000 0.000000000 1.000000000 
1617900300020341 0.562471221 -0.826769697 0.008831407 115.501487119 -0.825703861 -0.561127989 0.057866350 -3.216977389 -0.042886595 -0.039840283 -0.998285276 0.560860634 0.000000000 0.000000000 0.000000000 1.000000000 
1617900300270983 0.564332732 -0.825535298 0.004476471 116.707554681 -0.824243104 -0.563128135 0.059245340 -5.050921724 -0.046388293 -0.037123785 -0.998233415 0.563707277 0.000000000 0.000000000 0.000000000 1.000000000 
1617900300521601 0.569510108 -0.821976776 0.003523593 117.926979658 -0.820788393 -0.568445128 0.056360895 -6.901431953 -0.044324377 -0.034990224 -0.998404244 0.559132528 0.000000000 0.000000000 0.000000000 1.000000000 
1617900300772230 0.576116058 -0.817366964 -0.001238771 119.174939826 -0.816164588 -0.575349456 0.053370113 -8.764495081 -0.044335693 -0.029736338 -0.998574032 0.552743660 0.000000000 0.000000000 0.000000000 1.000000000 
1617900301021609 0.585535277 -0.810646478 -0.000852775 120.431915022 -0.809653978 -0.584869792 0.048864741 -10.605774166 -0.040110793 -0.027921577 -0.998805041 0.541216898 0.000000000 0.000000000 0.000000000 1.000000000 
1617900301271620 0.596894935 -0.802268613 -0.009028230 121.741078427 -0.800807998 -0.596423155 0.054644035 -12.436704343 -0.049223840 -0.025386869 -0.998465082 0.527511147 0.000000000 0.000000000 0.000000000 1.000000000 
1617900301521616 0.609967408 -0.792425504 0.001257593 123.043336910 -0.791425446 -0.609116335 0.051215762 -14.229265748 -0.039818655 -0.032235237 -0.998686820 0.506190042 0.000000000 0.000000000 0.000000000 1.000000000 
1617900301770994 0.627243128 -0.778823259 -0.000625052 124.382532153 -0.778019156 -0.626631587 0.044933802 -16.002553923 -0.035387167 -0.027698116 -0.998989771 0.505089403 0.000000000 0.000000000 0.000000000 1.000000000 
1617900302020997 0.643309166 -0.765605777 0.001053741 125.759097960 -0.764824813 -0.642589555 0.046061575 -17.726277289 -0.034587885 -0.030437760 -0.998938047 0.501042995 0.000000000 0.000000000 0.000000000 1.000000000 
1617900302271007 0.658227103 -0.752651135 0.015916973 127.132602216 -0.752556682 -0.657291735 0.040323881 -19.396739378 -0.019887720 -0.038520696 -0.999059875 0.505036971 0.000000000 0.000000000 0.000000000 1.000000000 
1617900302521008 0.671674089 -0.740811623 0.007215141 128.556135986 -0.740353618 -0.670839872 0.043016126 -21.043371506 -0.027026642 -0.034234573 -0.999048324 0.532586251 0.000000000 0.000000000 0.000000000 1.000000000 
1617900302772263 0.682535925 -0.730836580 0.004754490 129.989209708 -0.730316905 -0.681772828 0.042696952 -22.645133464 -0.027963012 -0.032614488 -0.999076756 0.545020991 0.000000000 0.000000000 0.000000000 1.000000000 
1617900303022891 0.694142917 -0.719704126 0.013841274 131.407468354 -0.719512791 -0.693124576 0.043355115 -24.190561667 -0.021609129 -0.040053620 -0.998963840 0.553954582 0.000000000 0.000000000 0.000000000 1.000000000 
1617900303272894 0.703541909 -0.710651592 -0.001760160 132.846203466 -0.710229296 -0.703205118 0.032816298 -25.735363232 -0.024558708 -0.021837523 -0.999459850 0.573292380 0.000000000 0.000000000 0.000000000 1.000000000 
1617900303522902 0.713111817 -0.700967657 0.010764756 134.268291578 -0.700847358 -0.712451870 0.035004499 -27.198437570 -0.016867651 -0.032506573 -0.999329178 0.575560305 0.000000000 0.000000000 0.000000000 1.000000000 
1617900303772906 0.720094503 -0.693869046 0.003106943 135.712150387 -0.693602419 -0.719677640 0.031301437 -28.662646332 -0.019483101 -0.024694977 -0.999505161 0.585776269 0.000000000 0.000000000 0.000000000 1.000000000 
1617900304022909 0.722979982 -0.690769712 -0.011711141 137.170962545 -0.690129627 -0.722886522 0.034002551 -30.101227257 -0.031953758 -0.016500959 -0.999353129 0.593194788 0.000000000 0.000000000 0.000000000 1.000000000 
1617900304272298 0.722546771 -0.691292249 0.006417956 138.569262878 -0.691065066 -0.721993962 0.033967541 -31.492188392 -0.018847772 -0.028978362 -0.999402329 0.566455996 0.000000000 0.000000000 0.000000000 1.000000000 
1617900304522293 0.721647750 -0.692258242 -0.001746551 139.983959116 -0.691855900 -0.721309976 0.032362514 -32.904278581 -0.023663022 -0.022145974 -0.999474671 0.574940390 0.000000000 0.000000000 0.000000000 1.000000000 
1617900304772295 0.723581650 -0.690238749 -0.000257966 141.359962325 -0.690023263 -0.723364993 0.024718068 -34.287768799 -0.017247972 -0.017707538 -0.999694429 0.571277988 0.000000000 0.000000000 0.000000000 1.000000000 
1617900305021690 0.732442777 -0.680706517 0.012892514 142.694854406 -0.680808966 -0.732146521 0.021462155 -35.604192072 -0.005170220 -0.024497139 -0.999686530 0.571958498 0.000000000 0.000000000 0.000000000 1.000000000 
1617900305271683 0.752818032 -0.658179627 0.008036740 144.058499997 -0.658133076 -0.752444465 0.026233211 -36.855783535 -0.011218964 -0.025038079 -0.999623544 0.593719538 0.000000000 0.000000000 0.000000000 1.000000000 
1617900305521688 0.782820329 -0.622194948 0.008110461 145.419486605 -0.622142242 -0.782380957 0.028619373 -38.001695746 -0.011461360 -0.027449687 -0.999557478 0.609064555 0.000000000 0.000000000 0.000000000 1.000000000 
1617900305771061 0.820012433 -0.572279620 0.008697491 146.792027907 -0.572196923 -0.819358128 0.035255360 -39.015123265 -0.013049564 -0.033886511 -0.999340489 0.619952206 0.000000000 0.000000000 0.000000000 1.000000000 
1617900306021066 0.862022525 -0.506838211 0.005674078 148.176792547 -0.506760557 -0.861549863 0.030423192 -39.911829442 -0.010531135 -0.029100875 -0.999521002 0.634207606 0.000000000 0.000000000 0.000000000 1.000000000 
1617900306271075 0.907457621 -0.420135689 0.002582471 149.580250224 -0.420082622 -0.907203979 0.022617042 -40.649962122 -0.007159398 -0.021608858 -0.999740867 0.639197158 0.000000000 0.000000000 0.000000000 1.000000000 
1617900306521705 0.949368245 -0.314165370 0.000237880 151.003289441 -0.314142363 -0.949288997 0.012844284 -41.209270860 -0.003809412 -0.012268683 -0.999917480 0.643677816 0.000000000 0.000000000 0.000000000 1.000000000 
1617900306772334 0.980803970 -0.194973461 0.002987008 152.421940031 -0.194994201 -0.980749886 0.010340347 -41.558216153 0.000913414 -0.010724302 -0.999942076 0.640704990 0.000000000 0.000000000 0.000000000 1.000000000 
1617900307022968 0.997809010 -0.066148931 -0.001224090 153.828990964 -0.066120580 -0.997680591 0.016171181 -41.693859386 -0.002290957 -0.016054813 -0.999868489 0.640508442 0.000000000 0.000000000 0.000000000 1.000000000 
1617900307272345 0.997384370 0.071913923 -0.007266790 155.183283291 0.072020243 -0.997280907 0.015616596 -41.644375362 -0.006123980 -0.016099105 -0.999851647 0.631981359 0.000000000 0.000000000 0.000000000 1.000000000 
1617900307522347 0.977126318 0.212132660 -0.014963033 156.474808558 0.212318183 -0.977125307 0.012129473 -41.410119711 -0.012047700 -0.015028952 -0.999814475 0.622343374 0.000000000 0.000000000 0.000000000 1.000000000 
1617900307772350 0.934571090 0.355538963 -0.012997070 157.656374333 0.355656493 -0.934580930 0.008181937 -41.006886368 -0.009237817 -0.012269094 -0.999882059 0.600125653 0.000000000 0.000000000 0.000000000 1.000000000 
1617900308021729 0.867297223 0.497602153 -0.013697619 158.715929708 0.497694399 -0.867342267 0.004204412 -40.440197149 -0.009788400 -0.010463703 -0.999897344 0.581245289 0.000000000 0.000000000 0.000000000 1.000000000 
1617900308271732 0.772763192 0.634399243 -0.019355852 159.640381734 0.634573997 -0.772851292 0.004089350 -39.714183671 -0.012364915 -0.015442820 -0.999804295 0.562190154 0.000000000 0.000000000 0.000000000 1.000000000 
1617900308521112 0.653004310 0.757193603 -0.015595464 160.400268122 0.757268414 -0.653101817 -0.001601731 -38.877974368 -0.011398246 -0.010764015 -0.999877100 0.541848136 0.000000000 0.000000000 0.000000000 1.000000000 
1617900308771743 0.504710362 0.863182960 -0.013513966 160.986859059 0.863173483 -0.504836934 -0.008438508 -37.936472989 -0.014106325 -0.007405895 -0.999873074 0.517344603 0.000000000 0.000000000 0.000000000 1.000000000 
1617900309021745 0.332625349 0.942910861 -0.016717791 161.361283632 0.942961604 -0.332793552 -0.008477288 -36.913149591 -0.013556900 -0.012944474 -0.999824310 0.499923264 0.000000000 0.000000000 0.000000000 1.000000000 
1617900309272377 0.144325644 0.989311385 -0.020810855 161.538193899 0.989363450 -0.144655533 -0.015321235 -35.853051818 -0.018167878 -0.018378252 -0.999666028 0.478233707 0.000000000 0.000000000 0.000000000 1.000000000 
1617900309523001 -0.048919196 0.998557978 -0.022110540 161.495034276 0.998667425 0.048536205 -0.017538823 -34.793116120 -0.016440370 -0.022939061 -0.999601678 0.455840552 0.000000000 0.000000000 0.000000000 1.000000000 
1617900309773018 -0.242091940 0.969992666 -0.022488214 161.266393441 0.969995364 0.241428141 -0.028660895 -33.757768156 -0.022371571 -0.028752035 -0.999336196 0.427619795 0.000000000 0.000000000 0.000000000 1.000000000 
1617900310023011 -0.426671089 0.904221432 -0.018313493 160.827138342 0.904121712 0.425940658 -0.033741461 -32.787631789 -0.022709291 -0.030954133 -0.999262793 0.408388427 0.000000000 0.000000000 0.000000000 1.000000000 
1617900310272390 -0.594960025 0.803726578 -0.006793838 160.200227022 0.803353021 0.594373618 -0.036659607 -31.911202512 -0.025426223 -0.027268851 -0.999304717 0.380993532 0.000000000 0.000000000 0.000000000 1.000000000 
1617900310522395 -0.729123324 0.684373744 -0.003428720 159.377692228 0.684047677 0.728600989 -0.034919537 -31.114543437 -0.021399845 -0.027806057 -0.999384245 0.367903225 0.000000000 0.000000000 0.000000000 1.000000000 
1617900310772400 -0.825580622 0.564269746 -0.004036058 158.406824171 0.563973332 0.824867349 -0.039088845 -30.409002844 -0.018727441 -0.034547222 -0.999227588 0.355551069 0.000000000 0.000000000 0.000000000 1.000000000 
1617900311022408 -0.891961535 0.452107597 0.001827784 157.320544425 0.451773791 0.891444584 -0.035028499 -29.832260091 -0.017466019 -0.030418329 -0.999384642 0.347157743 0.000000000 0.000000000 0.000000000 1.000000000 
1617900311271783 -0.936777462 0.349721223 0.011960455 156.152028179 0.349220003 0.936511658 -0.031484970 -29.366922113 -0.022212068 -0.025317580 -0.999432661 0.340029202 0.000000000 0.000000000 0.000000000 1.000000000 
1617900311522409 -0.964380060 0.264323919 0.010196401 154.875126155 0.264023125 0.964214062 -0.024146045 -28.993739258 -0.016213890 -0.020593878 -0.999656442 0.342722391 0.000000000 0.000000000 0.000000000 1.000000000 
1617900311771786 -0.980499709 0.196308068 0.009135774 153.530337432 0.196083631 0.980360304 -0.021092281 -28.694340493 -0.013096935 -0.018889600 -0.999735792 0.348309675 0.000000000 0.000000000 0.000000000 1.000000000 
1617900312021791 -0.987668567 0.155488719 0.018277308 152.126997984 0.154981955 0.987562334 -0.026480756 -28.429312345 -0.022167439 -0.023321557 -0.999482221 0.348941275 0.000000000 0.000000000 0.000000000 1.000000000 
1617900312271808 -0.990157160 0.138593134 0.019512602 150.638999322 0.138155459 0.990160906 -0.022236231 -28.200322568 -0.022402404 -0.019321591 -0.999562308 0.356277037 0.000000000 0.000000000 0.000000000 1.000000000 
1617900312521805 -0.990205382 0.139219140 0.010551389 149.074900016 0.139065675 0.990182730 -0.014103126 -27.963379824 -0.012411228 -0.012497656 -0.999844873 0.372599088 0.000000000 0.000000000 0.000000000 1.000000000 
1617900312771807 -0.986689102 0.161656709 0.017655715 147.491341633 0.161761921 0.986818651 0.004693628 -27.721433327 -0.016664232 0.007487174 -0.999833109 0.380942180 0.000000000 0.000000000 0.000000000 1.000000000 
1617900313021185 -0.979354914 0.200961805 0.021870189 145.881985275 0.201045684 0.979580419 0.001684034 -27.372145982 -0.021085183 0.006046174 -0.999759400 0.390427798 0.000000000 0.000000000 0.000000000 1.000000000 
1617900313271191 -0.969554350 0.244716000 0.008856733 144.223667834 0.244717945 0.969593911 -0.000880147 -26.934090629 -0.008802821 0.001314051 -0.999960391 0.413785101 0.000000000 0.000000000 0.000000000 1.000000000 
1617900313520567 -0.957514135 0.288179118 0.010930617 142.594834700 0.288042446 0.957535567 -0.012537430 -26.401536612 -0.014079480 -0.008856285 -0.999861658 0.417293523 0.000000000 0.000000000 0.000000000 1.000000000 
1617900313770575 -0.942917830 0.332575716 0.017302017 140.956055664 0.332324010 0.943031283 -0.015898145 -25.799326445 -0.021603680 -0.009240769 -0.999723906 0.424166608 0.000000000 0.000000000 0.000000000 1.000000000 
1617900314021204 -0.925522720 0.378396056 0.014970593 139.300821813 0.378065789 0.925542424 -0.020916027 -25.097188620 -0.021770461 -0.013698389 -0.999669146 0.438187470 0.000000000 0.000000000 0.000000000 1.000000000 
1617900314271832 -0.904729756 0.425870912 0.009901287 137.642520218 0.425622459 0.904673497 -0.020282650 -24.303742860 -0.017595223 -0.014136107 -0.999745257 0.448547183 0.000000000 0.000000000 0.000000000 1.000000000 
1617900314522460 -0.880923150 0.473188563 0.008184541 135.994015157 0.473045795 0.880913439 -0.014805045 -23.418734957 -0.014215450 -0.009170444 -0.999856902 0.449981940 0.000000000 0.000000000 0.000000000 1.000000000 
1617900314773091 -0.853297165 0.521323701 0.010273618 134.363076982 0.521260856 0.853357310 -0.008271732 -22.428889961 -0.013079317 -0.001703011 -0.999913012 0.450016175 0.000000000 0.000000000 0.000000000 1.000000000 
1617900315022479 -0.821915257 0.569591620 0.004549306 132.764202529 0.569468758 0.821863266 -0.015687770 -21.296024657 -0.012674529 -0.010303330 -0.999866590 0.447039291 0.000000000 0.000000000 0.000000000 1.000000000 
1617900315272478 -0.788393603 0.615170113 -0.001122050 131.196887879 0.615027065 0.788168179 -0.023078794 -20.045692316 -0.013313020 -0.018885265 -0.999733019 0.441546095 0.000000000 0.000000000 0.000000000 1.000000000 
1617900315522480 -0.753554388 0.657383377 0.001697184 129.688840081 0.657059647 0.753259564 -0.029540649 -18.696282842 -0.020697952 -0.021145335 -0.999562139 0.421137618 0.000000000 0.000000000 0.000000000 1.000000000 
1617900315771859 -0.720720456 0.693198188 0.006188359 128.221413828 0.692830436 0.720582153 -0.027337674 -17.271602052 -0.023409647 -0.015415338 -0.999607101 0.414098953 0.000000000 0.000000000 0.000000000 1.000000000 
1617900316021238 -0.688910894 0.724556955 0.020469485 126.800672497 0.724395561 0.689203624 -0.015793544 -15.791508448 -0.025550965 0.003947660 -0.999665726 0.418466602 0.000000000 0.000000000 0.000000000 1.000000000 
1617900316271242 -0.661445495 0.749821672 0.016041103 125.407796871 0.749810097 0.661605342 -0.007949162 -14.208436431 -0.016573333 0.006769844 -0.999839734 0.442855288 0.000000000 0.000000000 0.000000000 1.000000000 
1617900316521244 -0.633940742 0.773355527 0.006353327 124.061724758 0.773342556 0.633969899 -0.004843369 -12.549686174 -0.007773464 0.001842889 -0.999968088 0.461512734 0.000000000 0.000000000 0.000000000 1.000000000 
1617900316771871 -0.610497721 0.791856054 0.016016302 122.802720607 0.791611804 0.610707415 -0.019677531 -10.828439833 -0.025363047 0.000665606 -0.999678085 0.461921395 0.000000000 0.000000000 0.000000000 1.000000000 
1617900317021877 -0.593061022 0.805139503 0.005385598 121.547791946 0.804788465 0.592978425 -0.026308073 -9.046077563 -0.024375212 -0.011268025 -0.999639375 0.479935296 0.000000000 0.000000000 0.000000000 1.000000000 
1617900317272514 -0.578651898 0.815502345 0.010858444 120.318935010 0.815084895 0.578714493 -0.026947164 -7.250056298 -0.028259414 -0.006742474 -0.999577883 0.479535082 0.000000000 0.000000000 0.000000000 1.000000000 
1617900317522508 -0.566612168 0.823965477 0.005616363 119.103118281 0.823596575 0.566541336 -0.026825288 -5.418850638 -0.025285013 -0.010573917 -0.999624360 0.488132795 0.000000000 0.000000000 0.000000000 1.000000000 
1617900317772513 -0.556837323 0.830616953 0.002770249 117.915796727 0.830231364 0.556674855 -0.028792140 -3.571038573 -0.025457368 -0.013732591 -0.999581582 0.487596518 0.000000000 0.000000000 0.000000000 1.000000000 
1617900318021891 -0.553566026 0.832804769 0.000933572 116.748336840 0.832325194 0.553284614 -0.033330277 -1.714343627 -0.028274145 -0.017673473 -0.999443956 0.480718558 0.000000000 0.000000000 0.000000000 1.000000000 
1617900318271275 -0.560507081 0.828148474 -0.001384492 115.573127699 0.827580561 0.560059175 -0.038001787 0.136652909 -0.030695724 -0.022446049 -0.999276712 0.472232978 0.000000000 0.000000000 0.000000000 1.000000000 
1617900318521901 -0.578850674 0.815428705 -0.002815004 114.367212061 0.814654891 0.578143644 -0.045687354 1.976616669 -0.035627303 -0.028739412 -0.998951821 0.458154451 0.000000000 0.000000000 0.000000000 1.000000000 
1617900318771282 -0.607498071 0.794312799 -0.003642859 113.109502984 0.793460438 0.606619974 -0.049322823 3.760257333 -0.036967919 -0.032853985 -0.998776246 0.443465132 0.000000000 0.000000000 0.000000000 1.000000000 
1617900319021908 -0.643513269 0.765415906 -0.005400298 111.775096180 0.764581122 0.642446292 -0.051753933 5.485734560 -0.036143882 -0.037433309 -0.998645266 0.430131864 0.000000000 0.000000000 0.000000000 1.000000000 
1617900319272547 -0.683552833 0.729772350 -0.013705516 110.357930151 0.729213139 0.681973183 -0.056220770 7.140441824 -0.031681569 -0.048424109 -0.998324288 0.408021849 0.000000000 0.000000000 0.000000000 1.000000000 
1617900319523183 -0.728579330 0.684961311 -0.000401628 108.880652968 0.683787464 0.727296168 -0.058949024 8.665087646 -0.040085698 -0.043223668 -0.998260913 0.384740391 0.000000000 0.000000000 0.000000000 1.000000000 
1617900319773800 -0.777261806 0.629097130 0.010044185 107.308757009 0.627668807 0.776404248 -0.056818240 10.063295396 -0.043542540 -0.037858226 -0.998334013 0.384766006 0.000000000 0.000000000 0.000000000 1.000000000 
1617900320023801 -0.826053346 0.563519520 0.009034358 105.645694554 0.562140226 0.824969527 -0.058511930 11.329652831 -0.040425685 -0.043255399 -0.998245829 0.409549967 0.000000000 0.000000000 0.000000000 1.000000000 
1617900320273813 -0.868222033 0.495569860 0.024515630 103.929089303 0.493892215 0.867905474 -0.053014793 12.413906867 -0.047549783 -0.033920533 -0.998292750 0.432710230 0.000000000 0.000000000 0.000000000 1.000000000 
1617900320523186 -0.903236911 0.427988905 0.031441692 102.155454152 0.426439589 0.903345984 -0.045992505 13.345089670 -0.048087008 -0.028134146 -0.998446849 0.482835346 0.000000000 0.000000000 0.000000000 1.000000000 
1617900320772566 -0.932899996 0.359286444 0.024715337 100.328190054 0.358072310 0.932704081 -0.042980447 14.142406003 -0.038494387 -0.031246581 -0.998770160 0.539829734 0.000000000 0.000000000 0.000000000 1.000000000 
1617900321022572 -0.956021679 0.292942647 0.014392906 98.462392274 0.292097799 0.955400157 -0.043467420 14.807762259 -0.026484446 -0.037351660 -0.998951164 0.580008151 0.000000000 0.000000000 0.000000000 1.000000000 
1617900321272581 -0.973404795 0.228444895 0.017205680 96.584507463 0.227879839 0.973235558 -0.029720818 15.306153344 -0.023534748 -0.025009559 -0.999410145 0.602664325 0.000000000 0.000000000 0.000000000 1.000000000 
1617900321521951 -0.985668798 0.167748517 0.017817264 94.696132577 0.167074722 0.985348754 -0.034261796 15.713872676 -0.023303585 -0.030793969 -0.999254059 0.628795095 0.000000000 0.000000000 0.000000000 1.000000000 
1617900321771960 -0.994141199 0.106483824 0.018559921 92.784614044 0.105925258 0.993955404 -0.028852992 15.986891306 -0.021520111 -0.026717984 -0.999411344 0.655339257 0.000000000 0.000000000 0.000000000 1.000000000 
1617900322021966 -0.998734481 0.044185970 0.024021595 90.873363925 0.043255126 0.998341914 -0.037979171 16.166251241 -0.025659911 -0.036892051 -0.998989762 0.685958054 0.000000000 0.000000000 0.000000000 1.000000000 
1617900322271968 -0.999282195 -0.018533948 0.033039191 88.963970414 -0.019581783 0.999306268 -0.031678649 16.201182125 -0.032429140 -0.032302876 -0.998951888 0.724856723 0.000000000 0.000000000 0.000000000 1.000000000 
1617900322521967 -0.996679941 -0.077922028 0.023606188 87.027175628 -0.078393088 0.996727219 -0.019732605 16.101540606 -0.021991326 -0.021517653 -0.999526574 0.778656269 0.000000000 0.000000000 0.000000000 1.000000000 
1617900322771351 -0.991293799 -0.130311191 0.018857298 85.108648820 -0.130527250 0.991386820 -0.010714996 15.901783903 -0.017298592 -0.013083100 -0.999764768 0.815213909 0.000000000 0.000000000 0.000000000 1.000000000 
1617900323021401 -0.985119360 -0.171228577 0.014853337 83.189371916 -0.171376535 0.985161445 -0.009327920 15.624851119 -0.013035728 -0.011734628 -0.999846172 0.842133731 0.000000000 0.000000000 0.000000000 1.000000000 
1617900323271363 -0.977952192 -0.206771272 0.029242975 81.304776950 -0.207106519 0.978277835 -0.008908870 15.284643232 -0.026765656 -0.014768859 -0.999532631 0.864007710 0.000000000 0.000000000 0.000000000 1.000000000 
1617900323521982 -0.973000019 -0.229786452 0.021659870 79.385591115 -0.229766867 0.973239680 0.003422322 14.861539757 -0.021866648 -0.001646801 -0.999759540 0.910747534 0.000000000 0.000000000 0.000000000 1.000000000 
1617900323772613 -0.968836506 -0.246846349 0.020559784 77.470119115 -0.246835036 0.969052472 0.003126076 14.424783634 -0.020695170 -0.002046219 -0.999783738 0.940874546 0.000000000 0.000000000 0.000000000 1.000000000 
1617900324023247 -0.965423714 -0.259128165 0.028454302 75.566346943 -0.259009661 0.965842925 0.007838390 13.950818619 -0.029513534 0.000197428 -0.999564361 0.975606293 0.000000000 0.000000000 0.000000000 1.000000000 
1617900324273876 -0.963555302 -0.265956608 0.028779568 73.644691984 -0.265754634 0.963981329 0.010699162 13.457191232 -0.030588479 0.002660931 -0.999528521 1.017967066 0.000000000 0.000000000 0.000000000 1.000000000 
1617900324523252 -0.962065148 -0.272052179 0.020451462 71.705440914 -0.271922435 0.962277727 0.008931126 12.957659803 -0.022109719 0.003031114 -0.999750955 1.060898226 0.000000000 0.000000000 0.000000000 1.000000000 
1617900324773258 -0.960579312 -0.277603763 0.014951130 69.755241121 -0.277478729 0.960680624 0.009914263 12.436576286 -0.017115498 0.005374815 -0.999839073 1.086705708 0.000000000 0.000000000 0.000000000 1.000000000 
1617900325022638 -0.959858954 -0.280291140 0.010376153 67.795442814 -0.280184154 0.959887108 0.010657364 11.906177913 -0.012947100 0.007322333 -0.999889372 1.103344604 0.000000000 0.000000000 0.000000000 1.000000000 
1617900325272643 -0.960644538 -0.277556775 0.011149360 65.816561993 -0.277488989 0.960701413 0.007256406 11.381859564 -0.012725271 0.003877002 -0.999911514 1.112457696 0.000000000 0.000000000 0.000000000 1.000000000 
1617900325522022 -0.961718638 -0.273784100 0.011812183 63.819761590 -0.273763441 0.961791176 0.003363337 10.863762815 -0.012281682 0.000000840 -0.999924577 1.122881738 0.000000000 0.000000000 0.000000000 1.000000000 
1617900325771402 -0.963920953 -0.265677904 0.016481712 61.813105553 -0.265575357 0.964055516 0.008166496 10.338310046 -0.018058943 0.003494720 -0.999830816 1.139055794 0.000000000 0.000000000 0.000000000 1.000000000 
1617900326021402 -0.966611243 -0.255660558 0.017331601 59.773787889 -0.255490865 0.966743993 0.011422318 9.830066883 -0.019675457 0.006612875 -0.999784550 1.160819466 0.000000000 0.000000000 0.000000000 1.000000000 
1617900326271406 -0.969568006 -0.244502637 0.012503695 57.704870169 -0.244395228 0.969628964 0.009520779 9.345375957 -0.014451801 0.006175199 -0.999876499 1.188574011 0.000000000 0.000000000 0.000000000 1.000000000 
1617900326521439 -0.972120018 -0.234359552 0.007633478 55.619807860 -0.234323012 0.972143878 0.005385821 8.888088096 -0.008683057 0.003446965 -0.999956361 1.201422655 0.000000000 0.000000000 0.000000000 1.000000000 
1617900326772040 -0.974257660 -0.225422291 0.002608210 53.517518816 -0.225410134 0.974254584 0.004275266 8.443306743 -0.003504801 0.003577294 -0.999987460 1.208020932 0.000000000 0.000000000 0.000000000 1.000000000 
1617900327022672 -0.975736311 -0.218759236 0.009113093 51.421676034 -0.218771533 0.975776042 -0.000362915 8.024481858 -0.008812947 -0.002347794 -0.999958409 1.205734513 0.000000000 0.000000000 0.000000000 1.000000000 
1617900327272680 -0.977118771 -0.212673965 0.002948161 49.302570277 -0.212684070 0.977114054 -0.003689442 7.609187777 -0.002096042 -0.004232050 -0.999988848 1.212383746 0.000000000 0.000000000 0.000000000 1.000000000 
