1611678138564575 0.846245863 -0.532751968 0.006578699 -3.883101961 0.532342492 0.845973943 0.030652235 0.056590133 -0.021895447 -0.022437206 0.999508460 0.014020334 0.000000000 0.000000000 0.000000000 1.000000000 
1611678167187195 0.830213267 -0.557444809 0.001102614 -2.866180776 0.557152285 0.829838549 0.030810942 0.251587432 -0.018090392 -0.024965329 0.999524622 0.034422974 0.000000000 0.000000000 0.000000000 1.000000000 
1611678168743103 0.833004358 -0.553261888 0.002240930 -1.835601870 0.553075195 0.832816091 0.022916964 0.489119358 -0.014545365 -0.017850528 0.999734860 0.052594853 0.000000000 0.000000000 0.000000000 1.000000000 
1611678170194580 0.825379935 -0.564574352 -0.001939982 -0.863496456 0.564489783 0.825185922 0.020481217 0.680725371 -0.009962324 -0.017999885 0.999788356 0.067051016 0.000000000 0.000000000 0.000000000 1.000000000 
1611678179424683 0.814259168 -0.580483695 0.004548346 0.124128566 0.580301432 0.814159229 0.019874524 0.876205954 -0.015239915 -0.013543602 0.999792136 0.078674852 0.000000000 0.000000000 0.000000000 1.000000000 
1611678180254395 0.767885994 -0.640580840 0.002699610 1.333487205 0.640329733 0.767690666 0.025077370 0.986773207 -0.018136548 -0.017527921 0.999681868 0.086706460 0.000000000 0.000000000 0.000000000 1.000000000 
1611678180772217 0.747386972 -0.664375714 0.004198211 2.414325070 0.664164498 0.747283780 0.021271404 1.066626765 -0.017269459 -0.013109668 0.999764924 0.096941753 0.000000000 0.000000000 0.000000000 1.000000000 
1611678181187073 0.739270058 -0.673400079 0.003480621 3.439156779 0.673305008 0.739236805 0.013759073 1.133785004 -0.011838364 -0.007828151 0.999899282 0.105897810 0.000000000 0.000000000 0.000000000 1.000000000 
1611678181705994 0.738152489 -0.674410779 0.017349441 4.873903366 0.674446214 0.738309645 0.004601384 1.244091902 -0.015912483 0.008304741 0.999838899 0.119918291 0.000000000 0.000000000 0.000000000 1.000000000 
1611678182224976 0.731474317 -0.681167584 0.030919999 6.500119445 0.681389932 0.731908001 0.004293974 1.341775564 -0.025555511 0.017927645 0.999512639 0.133205475 0.000000000 0.000000000 0.000000000 1.000000000 
1611678182743225 0.725514462 -0.687059726 0.039720246 8.301796817 0.687579539 0.726108645 0.000783163 1.433865765 -0.029379294 0.026742632 0.999210533 0.167352375 0.000000000 0.000000000 0.000000000 1.000000000 
1611678183261231 0.726161719 -0.685815435 0.048439115 10.202833839 0.686385330 0.727210688 0.006308184 1.519895049 -0.039551692 0.028667136 0.998806217 0.211602061 0.000000000 0.000000000 0.000000000 1.000000000 
1611678183676087 0.732802668 -0.679004874 0.044188578 11.789994518 0.679263597 0.733809268 0.011176952 1.589925884 -0.040015192 0.021825192 0.998960683 0.255033674 0.000000000 0.000000000 0.000000000 1.000000000 
1611678183987366 0.741541277 -0.670104086 0.032818404 13.033142798 0.670321597 0.742050471 0.005482257 1.662285612 -0.028026595 0.017933565 0.999446295 0.295856881 0.000000000 0.000000000 0.000000000 1.000000000 
1611678184506226 0.755592903 -0.653116136 0.050186439 15.136752880 0.652758894 0.757137235 0.025476152 1.831860543 -0.054636908 0.013510045 0.998414887 0.341102354 0.000000000 0.000000000 0.000000000 1.000000000 
1611678184713684 0.762497406 -0.645799677 0.039248978 16.049979147 0.645757280 0.763386402 0.015451126 1.919055385 -0.039940469 0.013563870 0.999109994 0.395384564 0.000000000 0.000000000 0.000000000 1.000000000 
1611678185024597 0.770745625 -0.635951341 0.038949640 17.431763550 0.635835874 0.771639643 0.016881998 2.068811691 -0.040791216 0.011753852 0.999098556 0.439748400 0.000000000 0.000000000 0.000000000 1.000000000 
1611678185231873 0.776561230 -0.628800658 0.039527049 18.380169243 0.628636540 0.777490670 0.018009947 2.182518369 -0.042056578 0.010862321 0.999056182 0.464602118 0.000000000 0.000000000 0.000000000 1.000000000 
1611678185439209 0.783210065 -0.620789549 0.034674642 19.359224522 0.620670658 0.783920162 0.015398511 2.306991013 -0.036741385 0.009461264 0.999280018 0.499753619 0.000000000 0.000000000 0.000000000 1.000000000 
1611678185750244 0.793875163 -0.607204650 0.032630333 20.854821273 0.607085690 0.794502741 0.014572545 2.522564958 -0.034773406 0.008240627 0.999361247 0.541516605 0.000000000 0.000000000 0.000000000 1.000000000 
1611678185957642 0.801621629 -0.597101278 0.029543660 21.873148100 0.596997099 0.802134814 0.013198611 2.684097195 -0.031578906 0.007057187 0.999476347 0.567402770 0.000000000 0.000000000 0.000000000 1.000000000 
1611678186268921 0.813163997 -0.581222197 0.030742035 23.407249921 0.581167479 0.813701232 0.011604561 2.960083746 -0.031759660 0.008429860 0.999459985 0.607889518 0.000000000 0.000000000 0.000000000 1.000000000 
1611678186476441 0.820598959 -0.570647101 0.031292730 24.435197168 0.570554964 0.821161586 0.012676089 3.158694721 -0.032929961 0.007452237 0.999429878 0.630464854 0.000000000 0.000000000 0.000000000 1.000000000 
1611678186684021 0.826597908 -0.562010794 0.029660849 25.469196567 0.561900917 0.827106938 0.012707157 3.370081766 -0.031674253 0.006162749 0.999479246 0.658189111 0.000000000 0.000000000 0.000000000 1.000000000 
1611678186995178 0.832668196 -0.553142536 0.026400946 27.031031058 0.553126208 0.833053261 0.008582710 3.707621169 -0.026740856 0.007456506 0.999614589 0.693206833 0.000000000 0.000000000 0.000000000 1.000000000 
1611678187202637 0.834437988 -0.550019633 0.034520256 28.056267617 0.549867235 0.835124165 0.014616847 3.936797443 -0.036868253 0.006784706 0.999297103 0.725477951 0.000000000 0.000000000 0.000000000 1.000000000 
1611678187513550 0.837043647 -0.546527496 0.025799795 29.637754377 0.546499815 0.837413656 0.008736142 4.286052906 -0.026379643 0.006787051 0.999628956 0.749210629 0.000000000 0.000000000 0.000000000 1.000000000 
1611678187720825 0.838855248 -0.544206329 0.012702156 30.706351610 0.544327244 0.838818487 -0.009560201 4.538935079 -0.005452081 0.014933755 0.999873621 0.792403087 0.000000000 0.000000000 0.000000000 1.000000000 
1611678187928284 0.840545383 -0.541435404 0.018197867 31.729465919 0.541475217 0.840711034 0.003089658 4.763739267 -0.016971998 0.007256697 0.999829631 0.797785953 0.000000000 0.000000000 0.000000000 1.000000000 
1611678188239197 0.842809006 -0.537521073 0.027277743 33.252106987 0.537649219 0.843163208 0.003020354 5.134193164 -0.024623093 0.012120276 0.999623330 0.804469760 0.000000000 0.000000000 0.000000000 1.000000000 
1611678188446594 0.843610289 -0.536706116 0.016377562 34.273204961 0.536784072 0.843719545 -0.000435146 5.369115979 -0.013584524 0.009158308 0.999865784 0.833560487 0.000000000 0.000000000 0.000000000 1.000000000 
1611678188757752 0.842355678 -0.538562411 0.019683521 35.761310196 0.538867538 0.842227779 -0.016557343 5.748334470 -0.007660845 0.024553983 0.999669152 0.840583375 0.000000000 0.000000000 0.000000000 1.000000000 
1611678188965332 0.842263093 -0.539031291 0.006176440 36.735602686 0.539044245 0.842277284 -0.000528016 5.934327530 -0.004917658 0.003774103 0.999980786 0.853300422 0.000000000 0.000000000 0.000000000 1.000000000 
1611678189276489 0.843764044 -0.536099954 0.025672506 38.136165592 0.536418969 0.843921065 -0.007205922 6.298027076 -0.017802474 0.019851317 0.999644435 0.849787209 0.000000000 0.000000000 0.000000000 1.000000000 
1611678189483887 0.844583535 -0.535265343 0.013025578 39.071144153 0.535324799 0.844645263 -0.001318532 6.495033834 -0.010296228 0.008086526 0.999914294 0.867673596 0.000000000 0.000000000 0.000000000 1.000000000 
1611678189691345 0.846119701 -0.532789838 0.014711873 39.976932985 0.532871053 0.846194151 -0.001974687 6.716413695 -0.011397008 0.009510353 0.999889825 0.867825956 0.000000000 0.000000000 0.000000000 1.000000000 
1611678190002380 0.847862808 -0.530086845 0.011687426 41.307254192 0.530165500 0.847879823 -0.004934299 7.046993158 -0.007293926 0.010379879 0.999919525 0.882467879 0.000000000 0.000000000 0.000000000 1.000000000 
1611678190209778 0.848955049 -0.528339817 0.011504908 42.167931733 0.528389992 0.849000215 -0.001628299 7.257959353 -0.008907374 0.007461430 0.999932491 0.882674444 0.000000000 0.000000000 0.000000000 1.000000000 
1611678190520874 0.852119349 -0.523317803 0.005576057 43.439779113 0.523328792 0.852130617 -0.000621846 7.571227663 -0.004426105 0.003447998 0.999984260 0.889951985 0.000000000 0.000000000 0.000000000 1.000000000 
1611678190728333 0.853141889 -0.521578734 0.010224569 44.263563781 0.521638356 0.853156126 -0.004248598 7.794881115 -0.006507175 0.008958184 0.999938702 0.890959388 0.000000000 0.000000000 0.000000000 1.000000000 
1611678190935730 0.852743426 -0.522265629 0.008201313 45.084363618 0.522317438 0.852726746 -0.006449099 8.003977878 -0.003625336 0.009783115 0.999945572 0.893948570 0.000000000 0.000000000 0.000000000 1.000000000 
1611678191246948 0.852025896 -0.523496964 0.001673829 46.314161802 0.523499007 0.852025481 -0.001169922 8.301336090 -0.000813694 0.001873052 0.999997915 0.890387320 0.000000000 0.000000000 0.000000000 1.000000000 
1611678191454346 0.851798334 -0.523798894 0.008620700 47.136230353 0.523854972 0.851782773 -0.006486536 8.525999238 -0.003945323 0.010041217 0.999941802 0.888665386 0.000000000 0.000000000 0.000000000 1.000000000 
1611678191765381 0.850767329 -0.525431011 0.010826098 48.409948206 0.525487361 0.850795985 -0.003037452 8.845900004 -0.007614829 0.008273143 0.999936783 0.883300734 0.000000000 0.000000000 0.000000000 1.000000000 
1611678191972901 0.849127893 -0.528111511 0.008947237 49.297487873 0.528136278 0.849159488 -0.000485614 9.059522734 -0.007341172 0.005137709 0.999959855 0.877774620 0.000000000 0.000000000 0.000000000 1.000000000 
1611678192180237 0.847422653 -0.530724787 0.014354366 50.208490877 0.530860699 0.847420273 -0.008111683 9.300974155 -0.007859109 0.014494193 0.999864067 0.879076598 0.000000000 0.000000000 0.000000000 1.000000000 
1611678192491455 0.844613035 -0.535257917 0.011304162 51.634749876 0.535346829 0.844601888 -0.007171025 9.634956068 -0.005709169 0.012108388 0.999910392 0.872338016 0.000000000 0.000000000 0.000000000 1.000000000 
1611678192698914 0.842050918 -0.539160058 0.016021311 52.611008899 0.539330282 0.842044455 -0.009164181 9.872586236 -0.008549696 0.016357485 0.999829653 0.872020743 0.000000000 0.000000000 0.000000000 1.000000000 
1611678193010010 0.838678555 -0.544317828 0.018340750 54.122461350 0.544422178 0.838810933 -0.000842971 10.210427023 -0.014925578 0.010692093 0.999831439 0.865866261 0.000000000 0.000000000 0.000000000 1.000000000 
1611678193217346 0.835869393 -0.548735996 0.014531461 55.178329847 0.548838262 0.835918937 -0.004011592 10.445721999 -0.009945818 0.011328589 0.999886365 0.867602735 0.000000000 0.000000000 0.000000000 1.000000000 
1611678193528320 0.835240927 -0.549881183 0.001810633 56.820689085 0.549883992 0.835233536 -0.003540705 10.789036421 0.000434666 0.003952980 0.999992092 0.868004811 0.000000000 0.000000000 0.000000000 1.000000000 
1611678193735596 0.834937398 -0.550344864 0.000269363 57.939692212 0.550344928 0.834937337 -0.000321052 11.030817085 -0.000048212 0.000416301 0.999999912 0.858423741 0.000000000 0.000000000 0.000000000 1.000000000 
1611678193943115 0.835045501 -0.550159322 -0.004871531 59.096584737 0.550162117 0.835057419 -0.000867038 11.279120920 0.004545017 -0.001956116 0.999987758 0.845395074 0.000000000 0.000000000 0.000000000 1.000000000 
1611678194254273 0.834671676 -0.550670683 -0.009219164 60.880873043 0.550705578 0.834698066 0.001582982 11.661985246 0.006823516 -0.006398316 0.999956250 0.828739669 0.000000000 0.000000000 0.000000000 1.000000000 
1611678194461731 0.835064249 -0.550139255 -0.003807850 62.093225290 0.550150462 0.835059783 0.003102849 11.932124817 0.001472784 -0.004685969 0.999987936 0.812375215 0.000000000 0.000000000 0.000000000 1.000000000 
1611678194773010 0.836324420 -0.548226928 -0.002949666 63.945891297 0.548206636 0.836323852 -0.005647932 12.353340961 0.005563224 0.003106477 0.999979700 0.800029662 0.000000000 0.000000000 0.000000000 1.000000000 
1611678194980530 0.836275849 -0.548304951 0.002093996 65.168636197 0.548306251 0.836253652 -0.006331293 12.634888744 0.001720367 0.006442858 0.999977765 0.791566731 0.000000000 0.000000000 0.000000000 1.000000000 
1611678195187927 0.836264387 -0.548284096 0.006813585 66.385689622 0.548307196 0.836274569 -0.002015855 12.907502428 -0.004592767 0.005421725 0.999974755 0.780967604 0.000000000 0.000000000 0.000000000 1.000000000 
1611678195498963 0.836520387 -0.547927080 -0.003091353 68.232892595 0.547895774 0.836514159 -0.007367599 13.313560916 0.006622868 0.004469408 0.999968080 0.776716955 0.000000000 0.000000000 0.000000000 1.000000000 
1611678195706177 0.836000002 -0.548711912 -0.004385641 69.454851107 0.548640547 0.835981732 -0.011317848 13.588436193 0.009876553 0.007055580 0.999926334 0.764798410 0.000000000 0.000000000 0.000000000 1.000000000 
1611678196017151 0.833931685 -0.551808390 -0.008089873 71.278496722 0.551676529 0.833939049 -0.014095051 13.987489294 0.014524229 0.007291316 0.999867933 0.737342326 0.000000000 0.000000000 0.000000000 1.000000000 
1611678196224610 0.831307539 -0.555736346 -0.009213563 72.484852358 0.555586644 0.831327981 -0.014740020 14.244675697 0.015851057 0.007134557 0.999848910 0.714074454 0.000000000 0.000000000 0.000000000 1.000000000 
1611678196432129 0.828839038 -0.559396595 -0.010064675 73.688678242 0.559182875 0.828847444 -0.018067302 14.499168654 0.018448867 0.009346891 0.999786115 0.690942721 0.000000000 0.000000000 0.000000000 1.000000000 
1611678196743347 0.822897064 -0.568070873 -0.011657823 75.484778791 0.567801184 0.822919527 -0.020131268 14.858147778 0.021029437 0.009946636 0.999729377 0.650692557 0.000000000 0.000000000 0.000000000 1.000000000 
1611678196950928 0.816949618 -0.576707366 0.001391116 76.662124935 0.576571354 0.816699487 -0.023820632 15.102565682 0.012601411 0.020262334 0.999715281 0.624872315 0.000000000 0.000000000 0.000000000 1.000000000 
1611678197262024 0.804795592 -0.593550354 -0.001425567 78.433095258 0.593461686 0.804712637 -0.015517707 15.391854331 0.010357712 0.011642562 0.999878577 0.594518582 0.000000000 0.000000000 0.000000000 1.000000000 
1611678197469483 0.796517195 -0.604594610 0.005071137 79.611620461 0.604474353 0.796121278 -0.028313710 15.600397063 0.013081076 0.025617729 0.999586223 0.574827445 0.000000000 0.000000000 0.000000000 1.000000000 
1611678197780457 0.776480617 -0.630138857 -0.001694437 81.372648840 0.629874426 0.776227390 -0.027004562 15.810903927 0.018331892 0.019901237 0.999633874 0.543280082 0.000000000 0.000000000 0.000000000 1.000000000 
1611678197987915 0.760572379 -0.649216663 0.006883315 82.521999613 0.649179113 0.760282796 -0.023163529 15.925229619 0.009804883 0.022086045 0.999707993 0.522619632 0.000000000 0.000000000 0.000000000 1.000000000 
1611678198195252 0.742632458 -0.669571261 0.013090420 83.669683224 0.669689463 0.742374301 -0.019910339 16.008458238 0.003613399 0.023552580 0.999716069 0.501847546 0.000000000 0.000000000 0.000000000 1.000000000 
1611678198506287 0.713341761 -0.700773067 0.007787222 85.420361537 0.700564677 0.712743830 -0.034718387 16.073652897 0.018779416 0.030221528 0.999366796 0.491814993 0.000000000 0.000000000 0.000000000 1.000000000 
1611678198713745 0.692038176 -0.721819654 0.007716854 86.576320564 0.721650788 0.691539297 -0.031520487 16.066366602 0.017415599 0.027382254 0.999473316 0.469365916 0.000000000 0.000000000 0.000000000 1.000000000 
1611678199024780 0.657587642 -0.753327238 0.008750170 88.328653781 0.752990765 0.656832892 -0.039692070 15.999933172 0.024153719 0.032689812 0.999173646 0.430985752 0.000000000 0.000000000 0.000000000 1.000000000 
1611678199232239 0.632030300 -0.774922845 0.005681864 89.501782685 0.774379435 0.631273401 -0.042782996 15.902634232 0.029566712 0.031440068 0.999068232 0.406045717 0.000000000 0.000000000 0.000000000 1.000000000 
1611678199439697 0.601807332 -0.798523783 0.013700497 90.647296689 0.798311276 0.600976997 -0.039060910 15.766948331 0.022957382 0.034444403 0.999142904 0.378488366 0.000000000 0.000000000 0.000000000 1.000000000 
1611678199750794 0.555259629 -0.831397207 0.021573765 92.335879369 0.831557409 0.554552911 -0.031358320 15.482686287 0.014107425 0.035351833 0.999275352 0.342394879 0.000000000 0.000000000 0.000000000 1.000000000 
1611678199958130 0.523418453 -0.851831384 0.020406293 93.460828680 0.851801194 0.522491766 -0.037908848 15.239768113 0.021629826 0.037224295 0.999072821 0.334615070 0.000000000 0.000000000 0.000000000 1.000000000 
1611678200269165 0.474370729 -0.879954120 0.025556962 95.103134035 0.880062978 0.473321058 -0.038161889 14.806929472 0.021484063 0.040594620 0.998944699 0.315790307 0.000000000 0.000000000 0.000000000 1.000000000 
1611678200476502 0.442545012 -0.896435072 0.023623584 96.167518949 0.896504770 0.441660902 -0.034854614 14.460921382 0.020811285 0.036603391 0.999113148 0.299240717 0.000000000 0.000000000 0.000000000 1.000000000 
1611678200683960 0.410961516 -0.911379680 0.022309427 97.217768726 0.911268444 0.409954855 -0.039074800 14.086601871 0.026466121 0.036388116 0.998987212 0.290998207 0.000000000 0.000000000 0.000000000 1.000000000 
1611678200994995 0.361594108 -0.932030445 0.023852673 98.746841198 0.931908609 0.360535982 -0.039498728 13.463278219 0.028214270 0.036511018 0.998934883 0.268528908 0.000000000 0.000000000 0.000000000 1.000000000 
1611678201202515 0.327636429 -0.944612203 0.019030395 99.762528528 0.944115310 0.326562373 -0.044758230 12.991136396 0.036064559 0.032631314 0.998816572 0.249729292 0.000000000 0.000000000 0.000000000 1.000000000 
1611678201513733 0.273094700 -0.961823565 0.017740219 101.279205349 0.960914490 0.271873172 -0.052233337 12.206169010 0.045416165 0.031311481 0.998477322 0.216326622 0.000000000 0.000000000 0.000000000 1.000000000 
1611678201721253 0.233853065 -0.971985450 0.023601478 102.269871133 0.971419160 0.232562622 -0.047533599 11.627116553 0.040713145 0.034042806 0.998590771 0.187660125 0.000000000 0.000000000 0.000000000 1.000000000 
1611678201928650 0.192997074 -0.980825433 0.027085042 103.249275648 0.980590572 0.191831616 -0.040530992 10.991193654 0.034558060 0.034381700 0.998811113 0.161115462 0.000000000 0.000000000 0.000000000 1.000000000 
1611678202239807 0.129004177 -0.991203651 0.029550703 104.696710595 0.991180249 0.127975269 -0.034409943 9.939780861 0.030325502 0.033729099 0.998970826 0.140047800 0.000000000 0.000000000 0.000000000 1.000000000 
1611678202447083 0.085681052 -0.995785596 0.032707856 105.634981020 0.995962911 0.084721884 -0.029666194 9.179600726 0.026770098 0.035117642 0.999024581 0.129456818 0.000000000 0.000000000 0.000000000 1.000000000 
1611678202758057 0.021017048 -0.998890448 0.042144463 107.011260398 0.999314743 0.019703968 -0.031333668 7.960230500 0.030468488 0.042774124 0.998620071 0.128128967 0.000000000 0.000000000 0.000000000 1.000000000 
1611678202965332 -0.022651565 -0.998691616 0.045847174 107.876049065 0.999489887 -0.023654721 -0.021457388 7.087420396 0.022513815 0.045337743 0.998717987 0.131602777 0.000000000 0.000000000 0.000000000 1.000000000 
1611678203276367 -0.088836590 -0.995238202 0.040112120 109.126841150 0.995710151 -0.089780607 -0.022377154 5.686973729 0.025871889 0.037952135 0.998944583 0.154741448 0.000000000 0.000000000 0.000000000 1.000000000 
1611678203483887 -0.126703144 -0.991293855 0.035816279 109.912466049 0.991622657 -0.127494171 -0.020730229 4.706066536 0.025116115 0.032889649 0.999143359 0.169011274 0.000000000 0.000000000 0.000000000 1.000000000 
1611678203691284 -0.155018492 -0.987382709 0.032321104 110.657708341 0.987755664 -0.155492269 -0.012684725 3.697363932 0.017550360 0.029958987 0.999397040 0.176400233 0.000000000 0.000000000 0.000000000 1.000000000 
1611678204002258 -0.184020765 -0.982451672 0.030414956 111.764376277 0.982717698 -0.184525762 -0.014702683 2.147944036 0.020057019 0.027183717 0.999429218 0.192214190 0.000000000 0.000000000 0.000000000 1.000000000 
1611678204209534 -0.194371740 -0.980336517 0.034057909 112.491394168 0.980741860 -0.194893951 -0.012718201 1.098717169 0.019105797 0.030929958 0.999338935 0.200854388 0.000000000 0.000000000 0.000000000 1.000000000 
1611678204520630 -0.198979217 -0.979147730 0.040951107 113.605816770 0.979668989 -0.199829570 -0.017799315 -0.506870654 0.025611401 0.036576836 0.999002598 0.215997635 0.000000000 0.000000000 0.000000000 1.000000000 
1611678204728089 -0.198394865 -0.978965845 0.047595712 114.374469603 0.979396884 -0.199881998 -0.028791169 -1.590211153 0.037699097 0.040903072 0.998451660 0.227582508 0.000000000 0.000000000 0.000000000 1.000000000 
1611678204935730 -0.198537002 -0.978929551 0.047749278 115.138334878 0.979222729 -0.200178180 -0.032427514 -2.697872400 0.041302615 0.040319117 0.998332842 0.234960989 0.000000000 0.000000000 0.000000000 1.000000000 
1611678205247131 -0.201764482 -0.978256077 0.048022305 116.303709451 0.978211844 -0.203719035 -0.040001779 -4.389074585 0.048915041 0.038905050 0.998044947 0.238975236 0.000000000 0.000000000 0.000000000 1.000000000 
1611678205454773 -0.203386279 -0.978052535 0.045246661 117.078968269 0.977961687 -0.205159433 -0.038736880 -5.542489087 0.047169483 0.036370951 0.998224521 0.239875065 0.000000000 0.000000000 0.000000000 1.000000000 
1611678205765930 -0.200826162 -0.978737046 0.041745037 118.261826851 0.978656555 -0.202341195 -0.035908065 -7.298074046 0.043591294 0.033642775 0.998482830 0.233309700 0.000000000 0.000000000 0.000000000 1.000000000 
1611678205973145 -0.198110090 -0.979373682 0.039743983 119.074053165 0.979150227 -0.199597211 -0.037759585 -8.484042843 0.044913532 0.031434775 0.998496184 0.228521694 0.000000000 0.000000000 0.000000000 1.000000000 
1611678206180298 -0.194747859 -0.980048036 0.039738120 119.894994873 0.979957067 -0.196141715 -0.034822029 -9.678801943 0.041921565 0.032160136 0.998603178 0.221803970 0.000000000 0.000000000 0.000000000 1.000000000 
1611678206491028 -0.183966081 -0.982317646 0.034763816 121.170339465 0.981887765 -0.185285845 -0.039567327 -11.500280735 0.045308926 0.026855120 0.998611989 0.210028726 0.000000000 0.000000000 0.000000000 1.000000000 
1611678206698303 -0.172552597 -0.984417983 0.033864959 122.043170894 0.983907358 -0.173878397 -0.041141382 -12.710634818 0.046388701 0.026220930 0.998579266 0.199260472 0.000000000 0.000000000 0.000000000 1.000000000 
1611678207009461 -0.153245303 -0.987410690 0.039191914 123.370077844 0.987420023 -0.154569183 -0.033317652 -14.497267646 0.038956067 0.033593107 0.998676088 0.181338202 0.000000000 0.000000000 0.000000000 1.000000000 
1611678207217102 -0.139269392 -0.989645684 0.034719697 124.280147877 0.989494913 -0.140450042 -0.034257887 -15.683842951 0.038779553 0.029583889 0.998809762 0.183976838 0.000000000 0.000000000 0.000000000 1.000000000 
1611678207528748 -0.117592375 -0.992456418 0.034674086 125.666758920 0.992458373 -0.118666425 -0.030735294 -17.422228103 0.034618090 0.030798350 0.998925948 0.178009905 0.000000000 0.000000000 0.000000000 1.000000000 
1611678207736206 -0.098737185 -0.994450609 0.036317416 126.595328046 0.994817502 -0.099532210 -0.020772044 -18.546403267 0.024271524 0.034078228 0.999124400 0.179514734 0.000000000 0.000000000 0.000000000 1.000000000 
1611678207943665 -0.079732371 -0.996048488 0.039117248 127.544192593 0.996611590 -0.080449864 -0.017121867 -19.636671184 0.020201187 0.037619536 0.999087925 0.189005533 0.000000000 0.000000000 0.000000000 1.000000000 
1611678208254517 -0.050845374 -0.998290189 0.028834821 128.999869371 0.998373692 -0.051552589 -0.024337244 -21.228272740 0.025782142 0.027550490 0.999287872 0.209778010 0.000000000 0.000000000 0.000000000 1.000000000 
1611678208461792 -0.031956366 -0.998907054 0.034109933 129.971620852 0.999169789 -0.032790348 -0.024176956 -22.232238620 0.025269008 0.033309007 0.999125611 0.213591626 0.000000000 0.000000000 0.000000000 1.000000000 
1611678208772705 -0.001980827 -0.999357791 0.035778231 131.435506436 0.999784279 -0.002718867 -0.020591326 -23.684306153 0.020675379 0.035729725 0.999147594 0.223085807 0.000000000 0.000000000 0.000000000 1.000000000 
1611678208980042 0.018202046 -0.999410136 0.029121575 132.426804692 0.999555758 0.017501750 -0.024124166 -24.621953269 0.023600258 0.029547747 0.999284723 0.233582368 0.000000000 0.000000000 0.000000000 1.000000000 
1611678209187561 0.037791701 -0.999072308 0.020647271 133.416558711 0.999047554 0.037323624 -0.022603813 -25.532217657 0.021812213 0.021481842 0.999531269 0.235201394 0.000000000 0.000000000 0.000000000 1.000000000 
1611678209498840 0.068731496 -0.997056691 0.033969643 134.901367750 0.997558505 0.068264169 -0.014732038 -26.799040104 0.012369767 0.034899262 0.999314280 0.235777417 0.000000000 0.000000000 0.000000000 1.000000000 
1611678209706360 0.089033592 -0.995732865 0.024271001 135.911471224 0.995869034 0.088556699 -0.020064350 -27.631179479 0.017829373 0.025957139 0.999504047 0.243049239 0.000000000 0.000000000 0.000000000 1.000000000 
1611678210017639 0.115094495 -0.993247598 0.014576195 137.435146016 0.993012191 0.114657224 -0.027937607 -28.814443935 0.026077695 0.017689804 0.999503389 0.246688168 0.000000000 0.000000000 0.000000000 1.000000000 
1611678210225037 0.132806160 -0.990996803 0.016966463 138.427006875 0.991025398 0.132508473 -0.017611486 -29.565059799 0.015204726 0.019153110 0.999700943 0.226547729 0.000000000 0.000000000 0.000000000 1.000000000 
1611678210432373 0.150337487 -0.988536972 0.013903028 139.436958491 0.988472083 0.150042805 -0.020250872 -30.289991766 0.017932686 0.016787220 0.999698258 0.221913868 0.000000000 0.000000000 0.000000000 1.000000000 
1611678210743286 0.176221053 -0.984248685 0.014165689 140.945172389 0.984171963 0.175896657 -0.021585015 -31.316194045 0.018753326 0.017745208 0.999666655 0.212232633 0.000000000 0.000000000 0.000000000 1.000000000 
1611678210950562 0.191083934 -0.981450819 0.015531241 141.939049727 0.981450037 0.190784785 -0.018894196 -31.967518426 0.015580600 0.018853515 0.999700850 0.202243601 0.000000000 0.000000000 0.000000000 1.000000000 
1611678211261536 0.203537579 -0.978911616 0.017450000 143.412279012 0.978963502 0.203224392 -0.018174380 -32.901302311 0.014244846 0.020782082 0.999682544 0.196900781 0.000000000 0.000000000 0.000000000 1.000000000 
1611678211469177 0.209272242 -0.977589697 0.022880414 144.373929593 0.977765307 0.208874088 -0.018617731 -33.496864096 0.013421376 0.026267849 0.999564839 0.193558825 0.000000000 0.000000000 0.000000000 1.000000000 
1611678211780518 0.217435834 -0.975864109 0.020270667 145.785905233 0.975937542 0.217010375 -0.021269971 -34.368208411 0.016357656 0.024407759 0.999568251 0.193907878 0.000000000 0.000000000 0.000000000 1.000000000 
1611678211987976 0.221895725 -0.974764667 0.024415817 146.702658874 0.974852294 0.221246936 -0.026698288 -34.908606671 0.020622623 0.029726051 0.999345320 0.194989474 0.000000000 0.000000000 0.000000000 1.000000000 
1611678212195313 0.226726650 -0.973660642 0.024082802 147.578441731 0.973800378 0.226175100 -0.023614568 -35.440357328 0.017545645 0.028805894 0.999431024 0.192047321 0.000000000 0.000000000 0.000000000 1.000000000 
1611678212506226 0.233378355 -0.971923703 0.029980973 148.845369625 0.972238661 0.232695327 -0.024594138 -36.181023023 0.016927193 0.034888400 0.999247852 0.193947016 0.000000000 0.000000000 0.000000000 1.000000000 
1611678212713501 0.239130903 -0.970604010 0.027281245 149.655138970 0.970868098 0.238566837 -0.022383027 -36.659863894 0.015216655 0.031838964 0.999377173 0.194125392 0.000000000 0.000000000 0.000000000 1.000000000 
1611678213024292 0.255955409 -0.966352466 0.025489984 150.825613683 0.966609408 0.255507968 -0.019543020 -37.326548585 0.012372552 0.029641000 0.999484032 0.200953286 0.000000000 0.000000000 0.000000000 1.000000000 
1611678213231568 0.274704421 -0.960995895 0.032005806 151.579956285 0.961483989 0.274218348 -0.018783940 -37.719014855 0.009274710 0.035933101 0.999311159 0.204663482 0.000000000 0.000000000 0.000000000 1.000000000 
1611678213749878 0.358711146 -0.933092761 0.025772346 153.387878978 0.933445594 0.358503014 -0.012446360 -38.563327269 0.002374144 0.028521731 0.999590353 0.216295813 0.000000000 0.000000000 0.000000000 1.000000000 
1611678214268494 0.499321863 -0.866054534 0.025044391 155.094235004 0.866416475 0.499126911 -0.013957779 -39.051651611 -0.000412132 0.028668297 0.999588895 0.229268432 0.000000000 0.000000000 0.000000000 1.000000000 
1611678214683960 0.604297799 -0.796324948 0.026282061 156.386588855 0.796758044 0.604005340 -0.018819354 -39.206026748 -0.000888184 0.032312938 0.999477406 0.234337687 0.000000000 0.000000000 0.000000000 1.000000000 
1611678215203064 0.733075131 -0.679916907 0.017715843 157.910474276 0.680147195 0.732795132 -0.020275307 -39.168541910 0.000803440 0.026912705 0.999637465 0.231729378 0.000000000 0.000000000 0.000000000 1.000000000 
1611678215720764 0.858086488 -0.513295669 0.014667498 159.282785369 0.513494308 0.857904141 -0.018002227 -38.829146783 -0.003342842 0.022979144 0.999730356 0.224810290 0.000000000 0.000000000 0.000000000 1.000000000 
1611678216238831 0.949205539 -0.314381607 0.013154859 160.473544643 0.314563696 0.949111764 -0.015379909 -38.226384389 -0.007650270 0.018736736 0.999795183 0.216597109 0.000000000 0.000000000 0.000000000 1.000000000 
1611678216757935 0.995769721 -0.091458021 0.008837067 161.452246422 0.091578773 0.995693829 -0.014391902 -37.400604552 -0.007482758 0.015140308 0.999857380 0.201870362 0.000000000 0.000000000 0.000000000 1.000000000 
1611678217277100 0.989319700 0.145707880 0.003968015 162.168711921 -0.145588327 0.989103520 -0.021869278 -36.392687758 -0.007111304 0.021058011 0.999752964 0.189987472 0.000000000 0.000000000 0.000000000 1.000000000 
1611678217691528 0.942089424 0.335334879 -0.004246875 162.552182094 -0.335353231 0.941899530 -0.019065298 -35.511962365 -0.002393130 0.019385419 0.999809221 0.173411115 0.000000000 0.000000000 0.000000000 1.000000000 
1611678218209351 0.830508586 0.556832416 -0.013897781 162.761296018 -0.557005609 0.830271656 -0.019842600 -34.331892883 0.000489930 0.024220592 0.999706518 0.143747667 0.000000000 0.000000000 0.000000000 1.000000000 
1611678218728089 0.667716840 0.744165489 -0.019285896 162.673623817 -0.744414306 0.667535266 -0.015620792 -33.145106371 0.001249561 0.024786963 0.999691975 0.115795610 0.000000000 0.000000000 0.000000000 1.000000000 
1611678219247009 0.462776969 0.886188647 -0.022520187 162.301484067 -0.886464443 0.462744724 -0.006936290 -32.025118886 0.004274236 0.023173301 0.999722326 0.084590562 0.000000000 0.000000000 0.000000000 1.000000000 
1611678219765503 0.233528367 0.972149831 -0.019728343 161.669587334 -0.972336708 0.233583152 0.000487523 -31.050157983 0.005082154 0.019068741 0.999805258 0.061249100 0.000000000 0.000000000 0.000000000 1.000000000 
1611678220180115 0.041146629 0.998923722 -0.021409174 161.025605568 -0.999100055 0.041355829 0.009422118 -30.401742488 0.010297371 0.021002218 0.999726398 0.046933506 0.000000000 0.000000000 0.000000000 1.000000000 
1611678220698547 -0.187280619 0.982055986 -0.022181294 160.071392588 -0.982293210 -0.187113085 0.009420360 -29.794538358 0.005100911 0.023552785 0.999709581 0.039018412 0.000000000 0.000000000 0.000000000 1.000000000 
1611678221217468 -0.374685570 0.926872998 -0.022741333 159.027811501 -0.927141045 -0.374449517 0.014037186 -29.382998983 0.004495208 0.026343954 0.999642831 0.029999475 0.000000000 0.000000000 0.000000000 1.000000000 
1611678221736267 -0.520428618 0.853760114 -0.015739156 157.887332374 -0.853824324 -0.520037293 0.023350328 -29.130094893 0.011750631 0.025590653 0.999603442 0.028373840 0.000000000 0.000000000 0.000000000 1.000000000 
1611678222254456 -0.612014477 0.790838360 -0.003601138 156.611357469 -0.790655830 -0.611760534 0.024746868 -29.003333961 0.017367738 0.017992702 0.999687263 0.026400579 0.000000000 0.000000000 0.000000000 1.000000000 
1611678222773010 -0.652017386 0.758202708 -0.001408129 155.193694371 -0.758111813 -0.651908010 0.016805516 -28.928250391 0.011824017 0.012025008 0.999857786 0.038530328 0.000000000 0.000000000 0.000000000 1.000000000 
1611678223187744 -0.669481067 0.742823983 -0.002762423 153.964574372 -0.742740041 -0.669338565 0.017975461 -28.878836907 0.011503607 0.014085993 0.999834612 0.046916823 0.000000000 0.000000000 0.000000000 1.000000000 
1611678223706116 -0.676830563 0.736134915 0.002403468 152.290071508 -0.735921573 -0.676706515 0.022084627 -28.836959962 0.017883707 0.013178787 0.999753216 0.056655079 0.000000000 0.000000000 0.000000000 1.000000000 
1611678224224671 -0.667120794 0.744947434 -0.001779576 150.465456102 -0.744768980 -0.666904582 0.023610268 -28.758835312 0.016401601 0.017076274 0.999719655 0.072655427 0.000000000 0.000000000 0.000000000 1.000000000 
1611678224743286 -0.641756571 0.766901297 -0.003302250 148.521351240 -0.766858517 -0.641659760 0.014169243 -28.636368634 0.008747490 0.011625563 0.999894158 0.088910490 0.000000000 0.000000000 0.000000000 1.000000000 
1611678225261658 -0.598291323 0.801266395 0.004433627 146.498289822 -0.800984949 -0.598212664 0.023763824 -28.396298980 0.021693405 0.010666421 0.999707769 0.099744826 0.000000000 0.000000000 0.000000000 1.000000000 
1611678225469055 -0.576961605 0.816738258 0.007343384 145.651106788 -0.816456365 -0.576965485 0.022579478 -28.265489831 0.022678403 0.007031939 0.999718081 0.103758437 0.000000000 0.000000000 0.000000000 1.000000000 
1611678225676514 -0.554952254 0.831876838 0.002987021 144.776462867 -0.831746487 -0.554922998 0.016070056 -28.102626248 0.015025874 0.006433669 0.999866407 0.117611328 0.000000000 0.000000000 0.000000000 1.000000000 
1611678225987549 -0.518661859 0.854979170 0.000703487 143.455718976 -0.854838683 -0.518591214 0.017719455 -27.795797815 0.015514587 0.008589037 0.999842751 0.131738284 0.000000000 0.000000000 0.000000000 1.000000000 
1611678226195068 -0.492428908 0.870347209 0.003083055 142.560880710 -0.870149743 -0.492387496 0.019848910 -27.558615837 0.018793501 0.007091457 0.999798237 0.135136868 0.000000000 0.000000000 0.000000000 1.000000000 
1611678226506165 -0.449389744 0.893326104 0.004162829 141.197417598 -0.893093091 -0.449371387 0.021215260 -27.135505868 0.020822802 0.005816126 0.999766264 0.148229159 0.000000000 0.000000000 0.000000000 1.000000000 
1611678226713684 -0.419477594 0.907762397 0.002445103 140.278579090 -0.907504528 -0.419419997 0.022856011 -26.804307019 0.021773352 0.007368642 0.999735777 0.157356723 0.000000000 0.000000000 0.000000000 1.000000000 
1611678227024780 -0.372109354 0.928186846 -0.001951061 138.887238170 -0.927947037 -0.371963589 0.023609001 -26.235122979 0.021187840 0.010595611 0.999719365 0.172680023 0.000000000 0.000000000 0.000000000 1.000000000 
1611678227232300 -0.337356975 0.941368806 -0.003878486 137.948993486 -0.941188546 -0.337204260 0.021387094 -25.806364367 0.018825301 0.010865472 0.999763747 0.179067981 0.000000000 0.000000000 0.000000000 1.000000000 
1611678227439575 -0.301450714 0.953456770 -0.006903230 137.006694431 -0.953369077 -0.301295883 0.017555459 -25.331768928 0.014658457 0.011873432 0.999822060 0.185171490 0.000000000 0.000000000 0.000000000 1.000000000 
1611678227750610 -0.252818328 0.967438184 -0.012093528 135.601591428 -0.967322806 -0.252500348 0.023025273 -24.530730132 0.019221908 0.017519556 0.999661734 0.186115783 0.000000000 0.000000000 0.000000000 1.000000000 
1611678227957825 -0.220153140 0.975403260 -0.011003451 134.656142854 -0.975251975 -0.219855076 0.023395124 -23.954404057 0.020400516 0.015881648 0.999665740 0.184009133 0.000000000 0.000000000 0.000000000 1.000000000 
1611678228268860 -0.171772552 0.985060953 -0.012210990 133.234124160 -0.984930140 -0.171469576 0.022600960 -22.998410830 0.020169510 0.015909196 0.999669990 0.185981921 0.000000000 0.000000000 0.000000000 1.000000000 
1611678228476257 -0.138316886 0.990315223 -0.012008244 132.285717200 -0.990208879 -0.138051095 0.020694730 -22.304841096 0.018836555 0.014753100 0.999713724 0.183129796 0.000000000 0.000000000 0.000000000 1.000000000 
1611678228683777 -0.102893162 0.994555782 -0.016486142 131.345402687 -0.994507286 -0.102540127 0.020994789 -21.556986158 0.019189998 0.018555808 0.999643649 0.182776253 0.000000000 0.000000000 0.000000000 1.000000000 
1611678228995117 -0.042913909 0.998907064 -0.018522276 129.958780740 -0.998844851 -0.042495324 0.022430146 -20.347968295 0.021618521 0.019463445 0.999576817 0.178040475 0.000000000 0.000000000 0.000000000 1.000000000 
1611678229202637 -0.004688311 0.999727120 -0.022884625 129.054110577 -0.999747896 -0.004183436 0.022059999 -19.472052306 0.021958243 0.022982279 0.999494698 0.168560679 0.000000000 0.000000000 0.000000000 1.000000000 
1611678229513611 0.045319457 0.998759523 -0.020629168 127.734724257 -0.998690488 0.045787687 0.022820954 -18.092281660 0.023737207 0.019567921 0.999526709 0.159323267 0.000000000 0.000000000 0.000000000 1.000000000 
1611678229720886 0.076596322 0.996993519 -0.011701550 126.881899781 -0.996739715 0.076864735 0.024530651 -17.142450871 0.025356337 0.009784442 0.999630592 0.151408654 0.000000000 0.000000000 0.000000000 1.000000000 
1611678229928162 0.102584588 0.994712907 -0.004757669 126.046644412 -0.994486964 0.102663412 0.021351846 -16.161610814 0.021727395 0.002541070 0.999760703 0.157525296 0.000000000 0.000000000 0.000000000 1.000000000 
1611678230239136 0.132342473 0.991175699 -0.007496932 124.826836018 -0.991024915 0.132458560 0.018009665 -14.627123544 0.018843775 0.005046203 0.999809706 0.163990088 0.000000000 0.000000000 0.000000000 1.000000000 
1611678230446472 0.150291365 0.988625796 -0.005616122 124.015286425 -0.988584090 0.150341526 0.009945957 -13.583185048 0.010677166 0.004057218 0.999934766 0.172344793 0.000000000 0.000000000 0.000000000 1.000000000 
1611678230757874 0.175769095 0.984424271 -0.003752335 122.869832263 -0.983989296 0.175803103 0.029297358 -11.968491755 0.029500703 -0.001457313 0.999563697 0.169696508 0.000000000 0.000000000 0.000000000 1.000000000 
1611678230965515 0.189844705 0.981747075 -0.011474731 122.101370722 -0.981367185 0.190097931 0.027950412 -10.849941839 0.029621558 0.005954686 0.999543448 0.182656735 0.000000000 0.000000000 0.000000000 1.000000000 
1611678231276856 0.207471331 0.978045308 -0.019570963 120.967292207 -0.977708661 0.207976891 0.028833793 -9.141049983 0.032271064 0.013152515 0.999392610 0.194367031 0.000000000 0.000000000 0.000000000 1.000000000 
1611678231484375 0.215016066 0.976433805 -0.018577310 120.215590779 -0.976002762 0.215514361 0.031179613 -7.992498342 0.034448505 0.011427388 0.999341141 0.194138267 0.000000000 0.000000000 0.000000000 1.000000000 
1611678231691651 0.222169011 0.974845769 -0.017794890 119.458242910 -0.974543745 0.222589451 0.026803458 -6.834229950 0.030090192 0.011387001 0.999482324 0.200725147 0.000000000 0.000000000 0.000000000 1.000000000 
1611678232002442 0.233393977 0.972164317 -0.020586213 118.349071327 -0.971963729 0.233862317 0.024391089 -5.082794165 0.028526485 0.014316319 0.999490512 0.204883835 0.000000000 0.000000000 0.000000000 1.000000000 
1611678232209656 0.239770783 0.970582911 -0.021881156 117.625139958 -0.970399271 0.240274584 0.024359390 -3.915324942 0.028900293 0.015392788 0.999463774 0.203965981 0.000000000 0.000000000 0.000000000 1.000000000 
1611678232520752 0.240187792 0.970299276 -0.028794777 116.557577349 -0.970211277 0.240920957 0.025439537 -2.168222206 0.031621229 0.021826751 0.999261573 0.200866902 0.000000000 0.000000000 0.000000000 1.000000000 
1611678232728211 0.234015012 0.971739631 -0.030968743 115.848829282 -0.971742279 0.234790112 0.024301149 -1.032233259 0.030885544 0.024406804 0.999224895 0.196257692 0.000000000 0.000000000 0.000000000 1.000000000 
1611678232935669 0.225495853 0.973772010 -0.030326422 115.139831039 -0.973827633 0.226200331 0.022206993 0.071981730 0.028484395 0.024525123 0.999293329 0.190387794 0.000000000 0.000000000 0.000000000 1.000000000 
