1611678138476825 0.966598006 0.254884242 0.026875968 -3.891084503 0.255361875 -0.966711452 -0.016102230 0.048404631 0.021877101 0.022427481 -0.999509080 0.378840170 0.000000000 0.000000000 0.000000000 1.000000000 
1611678167229017 0.973648062 0.226873773 0.023189256 -2.849608834 0.227341635 -0.973609156 -0.020024772 0.247980870 0.018034176 0.024768964 -0.999530523 0.399756211 0.000000000 0.000000000 0.000000000 1.000000000 
1611678168727794 0.972669228 0.231473449 0.018292518 -1.852675471 0.231738139 -0.972677980 -0.013963619 0.480242550 0.014560522 0.017821056 -0.999735166 0.417396992 0.000000000 0.000000000 0.000000000 1.000000000 
1611678170228428 0.975896126 0.217813452 0.013566531 -0.854676271 0.218011574 -0.975824695 -0.015398628 0.676614194 0.009884528 0.017985122 -0.999789394 0.432097492 0.000000000 0.000000000 0.000000000 1.000000000 
1611678179477283 0.980525473 0.195599862 0.017620736 0.174919022 0.195796099 -0.980591745 -0.010184202 0.878929294 0.015286719 0.013435941 -0.999792874 0.443973087 0.000000000 0.000000000 0.000000000 1.000000000 
1611678180227918 0.991814798 0.126131656 0.019854764 1.278283317 0.126438147 -0.991860803 -0.015018045 0.976686412 0.017798911 0.017405519 -0.999690075 0.451039399 0.000000000 0.000000000 0.000000000 1.000000000 
1611678180729173 0.995327157 0.094770960 0.018501803 2.309747797 0.094992211 -0.995411956 -0.011468141 1.055951878 0.017330070 0.013172079 -0.999763054 0.461010712 0.000000000 0.000000000 0.000000000 1.000000000 
1611678181228551 0.996698216 0.080187862 0.012750431 3.542813162 0.080282376 -0.996747007 -0.007081282 1.136343787 0.012141121 0.008081536 -0.999893635 0.471084634 0.000000000 0.000000000 0.000000000 1.000000000 
1611678181727307 0.996726927 0.079324687 0.015589302 4.930744719 0.079174676 -0.996810437 0.010016186 1.251514846 0.016334110 -0.008749124 -0.999828310 0.485476316 0.000000000 0.000000000 0.000000000 1.000000000 
1611678182227312 0.997237956 0.070206714 0.024237916 6.498573602 0.069734927 -0.997369212 0.019791263 1.348924963 0.025563630 -0.018046369 -0.999510295 0.498169150 0.000000000 0.000000000 0.000000000 1.000000000 
1611678182727948 0.997693318 0.062066193 0.027492386 8.236087334 0.061283578 -0.997714862 0.028449571 1.441472462 0.029195319 -0.026699115 -0.999217089 0.530846248 0.000000000 0.000000000 0.000000000 1.000000000 
1611678183229202 0.997310008 0.063237189 0.037064879 10.068985077 0.062072289 -0.997565564 0.031780126 1.526692633 0.038984333 -0.029393936 -0.998807398 0.572713836 0.000000000 0.000000000 0.000000000 1.000000000 
1611678183730459 0.996576723 0.074815691 0.035177361 11.993210208 0.073996579 -0.996968718 0.024039175 1.609771517 0.036869236 -0.021353878 -0.999091923 0.625878699 0.000000000 0.000000000 0.000000000 1.000000000 
1611678183979838 0.996053861 0.084866917 0.025967525 12.993738714 0.084349459 -0.996227089 0.020414617 1.667146055 0.027602077 -0.018143711 -0.999454317 0.659368925 0.000000000 0.000000000 0.000000000 1.000000000 
1611678184479216 0.992908058 0.106713056 0.052401452 15.002108606 0.105827859 -0.994195316 0.019394254 1.826319535 0.054166898 -0.013711177 -0.998437755 0.703573489 0.000000000 0.000000000 0.000000000 1.000000000 
1611678184728606 0.992320789 0.118042907 0.036950279 16.102370468 0.117447610 -0.992917846 0.017894425 1.930600718 0.038800901 -0.013417288 -0.999156878 0.764514954 0.000000000 0.000000000 0.000000000 1.000000000 
1611678184977970 0.991078166 0.127996362 0.037161811 17.209025173 0.127441156 -0.991701239 0.016952991 2.049468683 0.039023335 -0.012065795 -0.999165450 0.801467904 0.000000000 0.000000000 0.000000000 1.000000000 
1611678185227349 0.989455370 0.139128626 0.040265323 18.343641136 0.138558766 -0.990214631 0.016626860 2.183870713 0.042184584 -0.010872423 -0.999050675 0.828495967 0.000000000 0.000000000 0.000000000 1.000000000 
1611678185477356 0.987844651 0.151557468 0.034543868 19.527546519 0.151133963 -0.988405862 0.014573133 2.334555158 0.036352029 -0.009175240 -0.999296925 0.869950315 0.000000000 0.000000000 0.000000000 1.000000000 
1611678185727354 0.985714675 0.165157595 0.033008294 20.730790231 0.164790305 -0.986235232 0.013572860 2.508188147 0.034795603 -0.007939521 -0.999362912 0.903384971 0.000000000 0.000000000 0.000000000 1.000000000 
1611678185977360 0.983189950 0.180165631 0.029628827 21.958675872 0.179859548 -0.983610159 0.012712135 2.703007482 0.031433505 -0.007169416 -0.999480132 0.934723087 0.000000000 0.000000000 0.000000000 1.000000000 
1611678186227986 0.980211600 0.195726533 0.029603101 23.193243934 0.195382828 -0.980625445 0.014116895 2.924671021 0.031792605 -0.008053607 -0.999462040 0.967541678 0.000000000 0.000000000 0.000000000 1.000000000 
1611678186478617 0.976994325 0.211055240 0.030623098 24.433989764 0.210707196 -0.977445849 0.014215847 3.163545858 0.032932749 -0.007436294 -0.999429905 0.995521438 0.000000000 0.000000000 0.000000000 1.000000000 
1611678186729863 0.974361971 0.223087390 0.029167898 25.686977633 0.222790847 -0.974778368 0.013090894 3.420935309 0.031352649 -0.006256929 -0.999488800 1.028823991 0.000000000 0.000000000 0.000000000 1.000000000 
1611678186980493 0.972608019 0.231164510 0.024425620 26.948075630 0.230893120 -0.972886289 0.013440052 3.693828236 0.026870214 -0.007432194 -0.999611302 1.056058134 0.000000000 0.000000000 0.000000000 1.000000000 
1611678187231121 0.971260993 0.235513249 0.034432453 28.186217617 0.235168801 -0.971856704 0.013790669 3.968115649 0.036711296 -0.005296900 -0.999311875 1.093338472 0.000000000 0.000000000 0.000000000 1.000000000 
1611678187481122 0.970648985 0.238979339 0.027007828 29.460535208 0.238745420 -0.971012614 0.011624485 4.246584159 0.029002953 -0.004835300 -0.999567631 1.108935476 0.000000000 0.000000000 0.000000000 1.000000000 
1611678187729879 0.970251024 0.242096080 0.001561564 30.750294237 0.242043649 -0.970141067 0.015530022 4.554192363 0.005274695 -0.014690053 -0.999878183 1.158276960 0.000000000 0.000000000 0.000000000 1.000000000 
1611678187979882 0.969267358 0.245308159 0.018565975 31.971761034 0.245074241 -0.969403139 0.014006111 4.830501507 0.021433727 -0.009025624 -0.999729530 1.161461126 0.000000000 0.000000000 0.000000000 1.000000000 
1611678188228630 0.968143630 0.249512853 0.021005887 33.190922530 0.249153405 -0.968290832 0.018315149 5.127213234 0.024909673 -0.012498007 -0.999611579 1.168414496 0.000000000 0.000000000 0.000000000 1.000000000 
1611678188478632 0.968064757 0.250578263 0.007820513 34.424634392 0.250419093 -0.967985424 0.017160915 5.420278684 0.011870295 -0.014654472 -0.999822155 1.201046372 0.000000000 0.000000000 0.000000000 1.000000000 
1611678188728638 0.968670758 0.248348059 0.000452374 35.620789874 0.248234664 -0.968280389 0.028506853 5.732896836 0.007517647 -0.027501460 -0.999593495 1.204063526 0.000000000 0.000000000 0.000000000 1.000000000 
1611678188978015 0.968809515 0.247773411 0.004057023 36.791858986 0.247753212 -0.968810780 0.004900851 5.949864143 0.005144788 -0.003742851 -0.999979761 1.218019843 0.000000000 0.000000000 0.000000000 1.000000000 
1611678189227396 0.968125693 0.250130830 0.012930997 37.906759508 0.249755211 -0.967978892 0.025282398 6.255772402 0.018840839 -0.021246955 -0.999596714 1.210470907 0.000000000 0.000000000 0.000000000 1.000000000 
1611678189477399 0.967654962 0.252150318 0.008005734 39.038429204 0.252060392 -0.967651633 0.010764551 6.491804143 0.010461046 -0.008398443 -0.999910012 1.232492814 0.000000000 0.000000000 0.000000000 1.000000000 
1611678189728022 0.966940278 0.254871479 0.008187102 40.130778983 0.254755916 -0.966918427 0.012968372 6.761752843 0.011221528 -0.010453929 -0.999882389 1.234036375 0.000000000 0.000000000 0.000000000 1.000000000 
1611678189978653 0.966178226 0.257832714 0.004682700 41.203990241 0.257758837 -0.966128419 0.012500407 7.027036075 0.007747104 -0.010870614 -0.999910902 1.246920395 0.000000000 0.000000000 0.000000000 1.000000000 
1611678190229905 0.965445114 0.260524672 0.006528890 42.247650383 0.260458018 -0.965437799 0.009564403 7.281362793 0.008795000 -0.007533404 -0.999932946 1.248084935 0.000000000 0.000000000 0.000000000 1.000000000 
1611678190479908 0.964136670 0.265382413 0.003557490 43.273052684 0.265365688 -0.964137049 0.004561056 7.530490639 0.004640332 -0.003453445 -0.999983270 1.254567240 0.000000000 0.000000000 0.000000000 1.000000000 
1611678190729907 0.963467958 0.267796184 0.003833838 44.267447989 0.267745224 -0.963433569 0.010404492 7.799861128 0.006479931 -0.008997902 -0.999938522 1.255971176 0.000000000 0.000000000 0.000000000 1.000000000 
1611678190979294 0.963768163 0.266740485 0.000664595 45.255371552 0.266725894 -0.963736249 0.008351075 8.047076512 0.002868064 -0.007871236 -0.999964908 1.258500587 0.000000000 0.000000000 0.000000000 1.000000000 
1611678191228668 0.964031316 0.265788482 0.000322690 46.241294702 0.265787521 -0.964029992 0.001779994 8.283090153 0.000784185 -0.001630203 -0.999998364 1.255452957 0.000000000 0.000000000 0.000000000 1.000000000 
1611678191478042 0.964174691 0.265263541 0.001555236 47.229135470 0.265228468 -0.964115413 0.011633164 8.555687423 0.004585281 -0.010803909 -0.999931123 1.253323983 0.000000000 0.000000000 0.000000000 1.000000000 
1611678191727420 0.964576971 0.263750912 0.005169418 48.247331579 0.263681619 -0.964544120 0.011253625 8.812150503 0.007954286 -0.009491907 -0.999923314 1.248786650 0.000000000 0.000000000 0.000000000 1.000000000 
1611678191977423 0.965501772 0.260333865 0.005710306 49.314421052 0.260293185 -0.965504298 0.006993444 9.066509190 0.007333955 -0.005265828 -0.999959241 1.242719587 0.000000000 0.000000000 0.000000000 1.000000000 
1611678192227427 0.966418291 0.256951590 0.003400965 50.417437964 0.256861002 -0.966300972 0.016877718 9.359999543 0.007623113 -0.015437360 -0.999851777 1.244313461 0.000000000 0.000000000 0.000000000 1.000000000 
1611678192477432 0.967596104 0.252489638 0.002600567 51.567032201 0.252435245 -0.967523672 0.013205699 9.624137215 0.005850412 -0.012121308 -0.999909419 1.237834541 0.000000000 0.000000000 0.000000000 1.000000000 
1611678192728070 0.968967388 0.247140900 0.004855521 52.745926092 0.247010218 -0.968827448 0.018955951 9.912758395 0.009388953 -0.017168335 -0.999808530 1.237480693 0.000000000 0.000000000 0.000000000 1.000000000 
1611678192978686 0.970062725 0.242586283 0.011410695 53.961325547 0.242417437 -0.970065097 0.014404639 10.180606771 0.014563484 -0.011207252 -0.999831137 1.232396382 0.000000000 0.000000000 0.000000000 1.000000000 
1611678193229938 0.971637479 0.236392342 0.006266599 55.240478377 0.236295395 -0.971590695 0.013266811 10.464364387 0.009224742 -0.011409762 -0.999892355 1.233200365 0.000000000 0.000000000 0.000000000 1.000000000 
1611678193480569 0.971899806 0.235385522 -0.002103061 56.567574604 0.235392728 -0.971890510 0.004370344 10.737364974 -0.001015230 -0.004742582 -0.999988239 1.234973817 0.000000000 0.000000000 0.000000000 1.000000000 
1611678193730569 0.972031242 0.234851580 -0.000014005 57.912101255 0.234851565 -0.972031157 0.000414064 11.024938448 0.000083630 -0.000405772 -0.999999914 1.223702134 0.000000000 0.000000000 0.000000000 1.000000000 
1611678193979948 0.971996296 0.234934366 -0.005389196 59.308084344 0.234918106 -0.972008925 -0.003483288 11.322980490 -0.006056690 0.002119724 -0.999979411 1.209010630 0.000000000 0.000000000 0.000000000 1.000000000 
1611678194229947 0.972099774 0.234497568 -0.005737525 60.742617937 0.234453256 -0.972098731 -0.007465136 11.629163965 -0.007327997 0.005911675 -0.999955675 1.195692579 0.000000000 0.000000000 0.000000000 1.000000000 
1611678194479321 0.971938275 0.235235337 -0.000571215 62.197845275 0.235230454 -0.971929086 -0.004526032 11.954220263 -0.001619863 0.004264657 -0.999989594 1.176384412 0.000000000 0.000000000 0.000000000 1.000000000 
1611678194728707 0.971484127 0.237052169 -0.004985992 63.683600646 0.237058268 -0.971495208 0.000661415 12.293496860 -0.004687078 -0.001824525 -0.999987351 1.166232609 0.000000000 0.000000000 0.000000000 1.000000000 
1611678194978085 0.971458736 0.237185738 -0.003294024 65.154978962 0.237201638 -0.971442985 0.005823289 12.634011124 -0.001818756 -0.006438433 -0.999977619 1.156687381 0.000000000 0.000000000 0.000000000 1.000000000 
1611678195227456 0.971476819 0.237110475 0.003378262 66.617070507 0.237086179 -0.971467830 0.006355972 12.961736798 0.004788940 -0.005373740 -0.999974094 1.144137709 0.000000000 0.000000000 0.000000000 1.000000000 
1611678195477460 0.971319786 0.237682283 -0.006708669 68.107397786 0.237706437 -0.971332235 0.003056072 13.287378358 -0.005789972 -0.004563117 -0.999972827 1.142108551 0.000000000 0.000000000 0.000000000 1.000000000 
1611678195727465 0.971535806 0.236618423 -0.011397359 69.583634608 0.236684054 -0.971574898 0.004782929 13.619622008 -0.009941659 -0.007344360 -0.999923609 1.127833496 0.000000000 0.000000000 0.000000000 1.000000000 
1611678195978093 0.972139949 0.233896996 -0.015366045 71.055359740 0.233985616 -0.972230890 0.004222293 13.941777435 -0.013951762 -0.007700093 -0.999873020 1.105791683 0.000000000 0.000000000 0.000000000 1.000000000 
1611678196229346 0.973413955 0.228417488 -0.017050626 72.518034957 0.228506587 -0.973536260 0.003448150 14.253261725 -0.015811785 -0.007252657 -0.999848682 1.078436085 0.000000000 0.000000000 0.000000000 1.000000000 
1611678196479977 0.974594361 0.223002024 -0.020878910 73.973406468 0.223140017 -0.974776012 0.004501121 14.558320122 -0.019348502 -0.009045687 -0.999771879 1.049875061 0.000000000 0.000000000 0.000000000 1.000000000 
1611678196729977 0.976462348 0.214474053 -0.022850916 75.416655443 0.214624825 -0.976686948 0.004334705 14.845016869 -0.021388509 -0.009137050 -0.999729486 1.017052505 0.000000000 0.000000000 0.000000000 1.000000000 
1611678196979355 0.979224242 0.202128779 -0.016243181 76.828638623 0.202405198 -0.979142156 0.017685434 15.138922486 -0.012329648 -0.020605710 -0.999711651 0.985576523 0.000000000 0.000000000 0.000000000 1.000000000 
1611678197229981 0.982520387 0.185806817 -0.011380490 78.254010921 0.185891022 -0.982546542 0.006842649 15.360605903 -0.009910450 -0.008838573 -0.999911827 0.960895097 0.000000000 0.000000000 0.000000000 1.000000000 
1611678197478114 0.985488694 0.168842010 -0.017447338 79.665546456 0.169218568 -0.985310224 0.022996494 15.616605301 -0.013308266 -0.025615198 -0.999583289 0.938854508 0.000000000 0.000000000 0.000000000 1.000000000 
1611678197728114 0.989277495 0.144479895 -0.021344760 81.085599701 0.144830370 -0.989328796 0.015896436 15.782040818 -0.018820270 -0.018817356 -0.999645790 0.915445853 0.000000000 0.000000000 0.000000000 1.000000000 
1611678197978117 0.993401298 0.113942943 -0.013071618 82.472154959 0.114193677 -0.993249479 0.020378318 15.928393124 -0.010661413 -0.021736544 -0.999706886 0.888227688 0.000000000 0.000000000 0.000000000 1.000000000 
1611678198227488 0.996667270 0.081370967 -0.005754861 83.850584271 0.081483999 -0.996401469 0.023333907 16.026937644 -0.003835449 -0.023725070 -0.999711163 0.862523203 0.000000000 0.000000000 0.000000000 1.000000000 
1611678198477499 0.998723717 0.047071464 -0.018308883 85.264089600 0.047579544 -0.998464134 0.028382404 16.080459734 -0.016944762 -0.029217308 -0.999429449 0.856132498 0.000000000 0.000000000 0.000000000 1.000000000 
1611678198728126 0.999787163 0.010969546 -0.017472755 86.662616695 0.011437304 -0.999572707 0.026899643 16.073866678 -0.017170212 -0.027093759 -0.999485424 0.831625297 0.000000000 0.000000000 0.000000000 1.000000000 
1611678198979385 0.999412128 -0.027107519 -0.020990021 88.078286377 -0.026430328 -0.999141727 0.031894319 16.024391027 -0.021836582 -0.031320796 -0.999270820 0.799033463 0.000000000 0.000000000 0.000000000 1.000000000 
1611678199229380 0.997391626 -0.066774135 -0.027407267 89.496576150 -0.065846809 -0.997268985 0.033448009 15.915925785 -0.029565880 -0.031556083 -0.999064599 0.771130880 0.000000000 0.000000000 0.000000000 1.000000000 
1611678199480014 0.993429953 -0.113111712 -0.017397365 90.875598795 -0.112383121 -0.992925590 0.038325007 15.750993830 -0.021609296 -0.036118040 -0.999113870 0.738830116 0.000000000 0.000000000 0.000000000 1.000000000 
1611678199729387 0.987374231 -0.158184960 -0.008345411 92.225172488 -0.157766632 -0.986754620 0.037749301 15.519766713 -0.014206244 -0.035956059 -0.999252393 0.708889028 0.000000000 0.000000000 0.000000000 1.000000000 
1611678199978767 0.979057740 -0.203076130 -0.014353623 93.580366799 -0.202344341 -0.978445292 0.041250178 15.227767327 -0.022421162 -0.037481931 -0.999045743 0.698525852 0.000000000 0.000000000 0.000000000 1.000000000 
1611678200228143 0.968839346 -0.247429996 -0.011345433 94.898645037 -0.246698439 -0.968042560 0.045094143 14.885121513 -0.022140505 -0.040890080 -0.998918315 0.683210729 0.000000000 0.000000000 0.000000000 1.000000000 
1611678200477521 0.957291409 -0.288972437 -0.009385562 96.180333944 -0.288372542 -0.956637627 0.041057614 14.472497550 -0.020843100 -0.036597563 -0.999112698 0.663843696 0.000000000 0.000000000 0.000000000 1.000000000 
1611678200727533 0.944189378 -0.329117885 -0.013705333 97.444688690 -0.328287698 -0.943598425 0.043002325 14.017148538 -0.027085165 -0.036103046 -0.998980963 0.654943484 0.000000000 0.000000000 0.000000000 1.000000000 
1611678200977524 0.929134978 -0.369525852 -0.012603076 98.671765602 -0.368681974 -0.928513739 0.043998166 13.513457994 -0.027960589 -0.036233709 -0.998952113 0.635298517 0.000000000 0.000000000 0.000000000 1.000000000 
1611678201227524 0.912052369 -0.409569314 -0.020333526 99.898111462 -0.408417793 -0.911703594 0.044625821 12.942704941 -0.036815516 -0.032396512 -0.998796818 0.612952356 0.000000000 0.000000000 0.000000000 1.000000000 
1611678201478780 0.891836285 -0.451566090 -0.026760181 101.126435843 -0.450069172 -0.891713035 0.047807998 12.309441308 -0.045450873 -0.030592975 -0.998498016 0.585819200 0.000000000 0.000000000 0.000000000 1.000000000 
1611678201729407 0.868913622 -0.494624736 -0.018316338 102.323434103 -0.493308517 -0.868438529 0.049610776 11.615476295 -0.040445330 -0.034071874 -0.998600662 0.551366876 0.000000000 0.000000000 0.000000000 1.000000000 
1611678201979414 0.843045724 -0.537758243 -0.009485773 103.499172386 -0.536814492 -0.842394034 0.046930715 10.839974812 -0.033228138 -0.034472638 -0.998853106 0.519676115 0.000000000 0.000000000 0.000000000 1.000000000 
1611678202229413 0.813893575 -0.580990524 -0.005221015 104.660396644 -0.580208845 -0.813205815 0.045321071 9.989247053 -0.030576873 -0.033857250 -0.998958829 0.505242280 0.000000000 0.000000000 0.000000000 1.000000000 
1611678202478792 0.782360318 -0.622825364 0.000947694 105.787619738 -0.622237433 -0.781553842 0.044656113 9.072115843 -0.027072286 -0.035526862 -0.999001969 0.492940270 0.000000000 0.000000000 0.000000000 1.000000000 
1611678202728172 0.749075268 -0.662471176 0.004264274 106.895409647 -0.661724214 -0.747891283 0.052722794 8.097484749 -0.031738118 -0.042315115 -0.998600082 0.491653694 0.000000000 0.000000000 0.000000000 1.000000000 
1611678202977551 0.713368087 -0.700600110 0.016292894 107.934346413 -0.700436538 -0.712078186 0.048304379 7.051676606 -0.022240239 -0.045870941 -0.998699769 0.495937415 0.000000000 0.000000000 0.000000000 1.000000000 
1611678203227552 0.674652095 -0.738023196 0.012896234 108.944258376 -0.737720666 -0.673583769 0.045311425 5.928576417 -0.024754188 -0.040083266 -0.998889665 0.514265461 0.000000000 0.000000000 0.000000000 1.000000000 
1611678203477555 0.639224391 -0.768964861 0.009231469 109.898451114 -0.768604827 -0.638438507 0.040532605 4.748504739 -0.025274424 -0.033004781 -0.999135570 0.533347293 0.000000000 0.000000000 0.000000000 1.000000000 
1611678203727555 0.612874446 -0.790072477 0.013053532 110.793014828 -0.789999188 -0.612296680 0.031528697 3.529358158 -0.016917321 -0.029635413 -0.999417604 0.542111532 0.000000000 0.000000000 0.000000000 1.000000000 
1611678203978186 0.594215448 -0.804243104 0.010051409 111.686227877 -0.804066269 -0.593686968 0.031831098 2.278584644 -0.019632550 -0.026996529 -0.999442720 0.555431581 0.000000000 0.000000000 0.000000000 1.000000000 
1611678204229437 0.583827866 -0.811748579 0.014466078 112.567856825 -0.811662566 -0.583170727 0.033403327 1.008353445 -0.018678910 -0.031243367 -0.999337256 0.566117413 0.000000000 0.000000000 0.000000000 1.000000000 
1611678204480066 0.580477357 -0.814131275 0.015372190 113.465471875 -0.813944095 -0.579597793 0.039514656 -0.283536564 -0.023260430 -0.035449467 -0.999100740 0.577895016 0.000000000 0.000000000 0.000000000 1.000000000 
1611678204730065 0.580603235 -0.814106847 0.011398438 114.395559679 -0.813310022 -0.579271798 0.054506814 -1.585707712 -0.037771577 -0.040917297 -0.998448338 0.592092507 0.000000000 0.000000000 0.000000000 1.000000000 
1611678204979443 0.580005704 -0.814568930 0.008416779 115.315708212 -0.813531970 -0.578673532 0.057468931 -2.918102622 -0.041941838 -0.040179626 -0.998311815 0.600906594 0.000000000 0.000000000 0.000000000 1.000000000 
1611678205228826 0.577611297 -0.816302206 0.003987248 116.252695160 -0.814872226 -0.576295725 0.062181131 -4.273989416 -0.048460760 -0.039165622 -0.998056917 0.603181445 0.000000000 0.000000000 0.000000000 1.000000000 
1611678205478202 0.576138197 -0.817347667 0.002751376 117.183459688 -0.816022747 -0.575005837 0.058950521 -5.660406267 -0.046601013 -0.036208832 -0.998257114 0.603833204 0.000000000 0.000000000 0.000000000 1.000000000 
1611678205728203 0.577979268 -0.816045850 0.003022788 118.131333021 -0.814903922 -0.576966188 0.055150837 -7.070586619 -0.043261565 -0.034339322 -0.998473459 0.598062424 0.000000000 0.000000000 0.000000000 1.000000000 
1611678205978205 0.580669260 -0.814139416 -0.000470261 119.110472567 -0.812898044 -0.579815569 0.054869630 -8.501522152 -0.044944193 -0.031478833 -0.998493416 0.592821713 0.000000000 0.000000000 0.000000000 1.000000000 
1611678206227596 0.584486596 -0.811400538 0.002141469 120.098135617 -0.810391485 -0.583623901 0.051466323 -9.943007527 -0.040509990 -0.031816805 -0.998672435 0.583841947 0.000000000 0.000000000 0.000000000 1.000000000 
1611678206478212 0.591778386 -0.806087392 -0.004632326 121.132546819 -0.804856986 -0.591174684 0.052131802 -11.415197981 -0.044761303 -0.027122114 -0.998629469 0.574909265 0.000000000 0.000000000 0.000000000 1.000000000 
1611678206728844 0.603045984 -0.797685058 -0.005838665 122.187425357 -0.796432866 -0.602480506 0.052076202 -12.877877772 -0.045058090 -0.026754240 -0.998626046 0.561696248 0.000000000 0.000000000 0.000000000 1.000000000 
1611678206980100 0.615851066 -0.787858093 0.002662605 123.256830273 -0.786890624 -0.614919974 0.051735591 -14.316728659 -0.039123015 -0.033956598 -0.998657268 0.546573452 0.000000000 0.000000000 0.000000000 1.000000000 
1611678207230096 0.628993130 -0.777409425 -0.001492608 124.351360095 -0.776456468 -0.628314895 0.048329551 -15.747068977 -0.038509676 -0.029240010 -0.998830329 0.548523706 0.000000000 0.000000000 0.000000000 1.000000000 
1611678207480099 0.642425457 -0.766348177 0.000057999 125.460777357 -0.765538612 -0.641743321 0.046001559 -17.144944825 -0.035215990 -0.029596973 -0.998941366 0.543520139 0.000000000 0.000000000 0.000000000 1.000000000 
1611678207729477 0.659362209 -0.751767063 0.009368066 126.574060419 -0.751423165 -0.658550698 0.040917057 -18.497930906 -0.024590750 -0.034018543 -0.999118628 0.543969864 0.000000000 0.000000000 0.000000000 1.000000000 
1611678207978850 0.676545786 -0.736275922 0.013548687 127.716449312 -0.736093330 -0.675617633 0.041320978 -19.804612960 -0.021269909 -0.037928631 -0.999054058 0.556000943 0.000000000 0.000000000 0.000000000 1.000000000 
1611678208227941 0.693432850 -0.720517101 0.002447365 128.885015434 -0.720058844 -0.692862151 0.038174622 -21.084484327 -0.025809782 -0.028233784 -0.999268086 0.573049357 0.000000000 0.000000000 0.000000000 1.000000000 
1611678208477607 0.709644174 -0.704531802 0.006331447 130.054769348 -0.704120280 -0.708854862 0.041706316 -22.294362764 -0.024895349 -0.034054745 -0.999109852 0.578126820 0.000000000 0.000000000 0.000000000 1.000000000 
1611678208728246 0.726833223 -0.686734956 0.010419550 131.230599907 -0.686523167 -0.726000388 0.040117051 -23.467391516 -0.019985184 -0.036311668 -0.999140658 0.584909833 0.000000000 0.000000000 0.000000000 1.000000000 
1611678208978241 0.743010305 -0.669276119 0.002272531 132.426839316 -0.668863188 -0.742423507 0.037807026 -24.603112341 -0.023616159 -0.029611022 -0.999282475 0.598290085 0.000000000 0.000000000 0.000000000 1.000000000 
1611678209228870 0.758665877 -0.651478138 -0.001524026 133.620736634 -0.651146609 -0.758350473 0.030210165 -25.698543030 -0.020837008 -0.021927057 -0.999542407 0.600741194 0.000000000 0.000000000 0.000000000 1.000000000 
1611678209479496 0.774878621 -0.631996480 0.011982113 134.813386412 -0.631979151 -0.774193196 0.035032100 -26.708797467 -0.012863693 -0.034718071 -0.999314355 0.601126175 0.000000000 0.000000000 0.000000000 1.000000000 
1611678209729494 0.789926491 -0.613201049 -0.000782805 136.033274230 -0.612890794 -0.789566170 0.030824314 -27.714394654 -0.019519578 -0.023869168 -0.999524511 0.610043471 0.000000000 0.000000000 0.000000000 1.000000000 
1611678209979499 0.802539880 -0.596479555 -0.011911402 137.262526080 -0.595944002 -0.802434627 0.030812583 -28.667759328 -0.027937197 -0.017629798 -0.999454203 0.614073284 0.000000000 0.000000000 0.000000000 1.000000000 
1611678210228881 0.815288819 -0.579053281 -0.001199690 138.451030652 -0.578857536 -0.815063755 0.024393216 -29.571742664 -0.015102796 -0.019193067 -0.999701721 0.591131055 0.000000000 0.000000000 0.000000000 1.000000000 
1611678210478885 0.827518120 -0.561396337 -0.006922012 139.672834673 -0.561080442 -0.827367328 0.025535119 -30.441176573 -0.020062369 -0.017246968 -0.999649960 0.586990647 0.000000000 0.000000000 0.000000000 1.000000000 
1611678210728260 0.839016527 -0.544068400 -0.006390800 140.880244712 -0.543768895 -0.838852320 0.025341161 -31.261230269 -0.019148263 -0.017786535 -0.999658433 0.577949356 0.000000000 0.000000000 0.000000000 1.000000000 
1611678210978261 0.848729294 -0.528817456 -0.003268629 142.077689672 -0.528595608 -0.848523872 0.024370507 -32.045341312 -0.015661059 -0.018956180 -0.999697652 0.566217195 0.000000000 0.000000000 0.000000000 1.000000000 
1611678211228265 0.854222527 -0.519903496 -0.002056375 143.262220434 -0.519698420 -0.853984397 0.024984028 -32.795994032 -0.014745395 -0.020273225 -0.999685735 0.562073910 0.000000000 0.000000000 0.000000000 1.000000000 
1611678211478897 0.857760718 -0.514045110 0.002043452 144.423406303 -0.513874285 -0.857358436 0.029491208 -33.514883193 -0.013407841 -0.026346477 -0.999562951 0.558240881 0.000000000 0.000000000 0.000000000 1.000000000 
1611678211729520 0.861300339 -0.508095023 -0.001083740 145.562335463 -0.507866896 -0.860973783 0.028202130 -34.221781872 -0.015262434 -0.023740109 -0.999601653 0.558243645 0.000000000 0.000000000 0.000000000 1.000000000 
1611678211980150 0.863957922 -0.503556164 -0.002810378 146.676262690 -0.503144543 -0.863452558 0.035989562 -34.877545329 -0.020549393 -0.029679441 -0.999348214 0.559820778 0.000000000 0.000000000 0.000000000 1.000000000 
1611678212230147 0.866932548 -0.498425389 -0.000297661 147.728619670 -0.498143205 -0.866461522 0.033132743 -35.516963024 -0.016772112 -0.028575576 -0.999450916 0.556704160 0.000000000 0.000000000 0.000000000 1.000000000 
1611678212480155 0.869681658 -0.493608136 0.002195935 148.747319063 -0.493323195 -0.869009996 0.038129410 -36.108520935 -0.016912697 -0.034243754 -0.999270397 0.558533337 0.000000000 0.000000000 0.000000000 1.000000000 
1611678212729532 0.873212221 -0.487335528 0.002121246 149.721920528 -0.487111347 -0.872660634 0.034437674 -36.685352956 -0.014931575 -0.031104681 -0.999404596 0.559059088 0.000000000 0.000000000 0.000000000 1.000000000 
1611678212978909 0.879824463 -0.475290886 0.002736220 150.660786582 -0.475143923 -0.879376333 0.030586227 -37.226356466 -0.012131188 -0.028210609 -0.999528387 0.564387399 0.000000000 0.000000000 0.000000000 1.000000000 
1611678213228286 0.890146171 -0.455605200 0.007980993 151.571761367 -0.455577678 -0.889457202 0.036261072 -37.699808343 -0.009421981 -0.035913616 -0.999310481 0.569382923 0.000000000 0.000000000 0.000000000 1.000000000 
1611678213727043 0.925059392 -0.379722406 0.008718703 153.310473366 -0.379816217 -0.924668478 0.026978650 -38.523530724 -0.002182488 -0.028268358 -0.999597988 0.580117060 0.000000000 0.000000000 0.000000000 1.000000000 
1611678214227673 0.971032326 -0.238854992 0.006671913 154.964246233 -0.238948156 -0.970652096 0.027171450 -39.016320121 -0.000013930 -0.027978597 -0.999608522 0.594797495 0.000000000 0.000000000 0.000000000 1.000000000 
1611678214729551 0.996080846 -0.088345147 0.004252339 156.523510165 -0.088435722 -0.995579484 0.031632495 -39.202475030 0.001438964 -0.031884581 -0.999490522 0.599150407 0.000000000 0.000000000 0.000000000 1.000000000 
1611678215230183 0.996623388 0.082051643 -0.003057787 157.986664001 0.082104105 -0.996267188 0.026657211 -39.147851462 -0.000859105 -0.026818257 -0.999639957 0.596963728 0.000000000 0.000000000 0.000000000 1.000000000 
1611678215729565 0.959876774 0.280405516 -0.003053804 159.303323124 0.280400722 -0.959611926 0.022811993 -38.812811295 0.003466142 -0.022752991 -0.999735109 0.589547046 0.000000000 0.000000000 0.000000000 1.000000000 
1611678216228321 0.879830772 0.475281729 -0.002256419 160.448878799 0.475227461 -0.879635289 0.020015463 -38.234291460 0.007528158 -0.018682532 -0.999797124 0.581911825 0.000000000 0.000000000 0.000000000 1.000000000 
1611678216728339 0.755061543 0.655641599 -0.004020093 161.400005084 0.655608765 -0.754923384 0.016365540 -37.447594410 0.007695067 -0.014992598 -0.999857994 0.566992863 0.000000000 0.000000000 0.000000000 1.000000000 
1611678217228954 0.586889532 0.809567378 -0.012701866 162.109212119 0.809627953 -0.586634898 0.019028264 -36.482755746 0.007953304 -0.021451275 -0.999738260 0.556678335 0.000000000 0.000000000 0.000000000 1.000000000 
1611678217730214 0.380340207 0.924677419 -0.017691731 162.577120627 0.924844349 -0.380226985 0.009506350 -35.418521171 0.002063433 -0.019977745 -0.999798296 0.536539018 0.000000000 0.000000000 0.000000000 1.000000000 
1611678218229589 0.149930305 0.988404024 -0.024049704 162.763476391 0.988696470 -0.149896779 0.003201037 -34.276320693 -0.000441056 -0.024257790 -0.999705639 0.507480975 0.000000000 0.000000000 0.000000000 1.000000000 
1611678218728349 -0.088708288 0.995754427 -0.024575603 162.673968806 0.996056859 0.088650150 -0.003447270 -33.135475355 -0.001254004 -0.024784499 -0.999692031 0.480666929 0.000000000 0.000000000 0.000000000 1.000000000 
1611678219228357 -0.323892139 0.945866295 -0.020756558 162.320760344 0.946085802 0.323719967 -0.011271087 -32.054833086 -0.003941629 -0.023288102 -0.999721025 0.450523225 0.000000000 0.000000000 0.000000000 1.000000000 
1611678219730231 -0.537576919 0.843110282 -0.013270584 161.722327648 0.843197220 0.537397805 -0.014901262 -31.103540448 -0.005431824 -0.019200294 -0.999800902 0.427587791 0.000000000 0.000000000 0.000000000 1.000000000 
1611678220230240 -0.718517665 0.695463084 -0.007966420 160.943196607 0.695430425 0.718217812 -0.023231406 -30.323523578 -0.010434960 -0.022232266 -0.999698373 0.410227732 0.000000000 0.000000000 0.000000000 1.000000000 
1611678220728996 -0.852519653 0.522631827 -0.008137264 160.013956627 0.522671737 0.852230708 -0.022739317 -29.757208505 -0.004949465 -0.023638833 -0.999708312 0.403265210 0.000000000 0.000000000 0.000000000 1.000000000 
1611678221228378 -0.934771258 0.355214260 -0.005052246 159.006827796 0.355219497 0.934409042 -0.026435796 -29.366249792 -0.004669508 -0.026506079 -0.999637746 0.394848150 0.000000000 0.000000000 0.000000000 1.000000000 
1611678221728383 -0.978835203 0.204558892 0.006107851 157.909838108 0.204320183 0.978515971 -0.027563710 -29.123225828 -0.011615032 -0.025732373 -0.999601389 0.393249436 0.000000000 0.000000000 0.000000000 1.000000000 
1611678222229640 -0.995255546 0.096062050 0.015442803 156.681896609 0.095754955 0.995213345 -0.019529121 -29.002083856 -0.017244891 -0.017957741 -0.999690019 0.391101246 0.000000000 0.000000000 0.000000000 1.000000000 
1611678222730270 -0.998967871 0.043920394 0.011584132 155.319204063 0.043755800 0.998942769 -0.014098724 -28.926009599 -0.012191106 -0.013577299 -0.999833503 0.402056905 0.000000000 0.000000000 0.000000000 1.000000000 
1611678223229651 -0.999812616 0.015868006 0.011087800 153.838222537 0.015695319 0.999756802 -0.015491721 -28.867053962 -0.011330926 -0.015314791 -0.999818517 0.412782809 0.000000000 0.000000000 0.000000000 1.000000000 
1611678223728403 -0.999810158 0.007671669 0.017910698 152.221136124 0.007431768 0.999882294 -0.013422609 -28.830009686 -0.018011564 -0.013286953 -0.999749489 0.422116118 0.000000000 0.000000000 0.000000000 1.000000000 
1611678224228409 -0.999653393 0.020957513 0.015933499 150.457738552 0.020680021 0.999634975 -0.017385421 -28.752025621 -0.016292038 -0.017049890 -0.999721897 0.437802742 0.000000000 0.000000000 0.000000000 1.000000000 
1611678224729053 -0.998559877 0.053046390 0.008015750 148.579152787 0.052940783 0.998514869 -0.012858102 -28.635506923 -0.008685922 -0.012415225 -0.999885202 0.453631151 0.000000000 0.000000000 0.000000000 1.000000000 
1611678225230294 -0.994252613 0.105325907 0.019188408 146.630924713 0.105076806 0.994371648 -0.013560636 -28.410067709 -0.020508695 -0.011466441 -0.999723919 0.465102231 0.000000000 0.000000000 0.000000000 1.000000000 
1611678225479678 -0.990374303 0.136784489 0.021183591 145.614834901 0.136602757 0.990577357 -0.009807430 -28.255606018 -0.022325490 -0.006819289 -0.999727498 0.469339637 0.000000000 0.000000000 0.000000000 1.000000000 
1611678225729055 -0.985517525 0.169098951 0.012678861 144.559173952 0.168991275 0.985575180 -0.009138544 -28.052967052 -0.014041289 -0.006863578 -0.999877859 0.485566989 0.000000000 0.000000000 0.000000000 1.000000000 
1611678225978434 -0.979083799 0.203021085 0.013317453 143.500366613 0.202875616 0.979136930 -0.011504675 -27.802464234 -0.015375302 -0.008562254 -0.999845132 0.496407885 0.000000000 0.000000000 0.000000000 1.000000000 
1611678226228435 -0.970922276 0.238780400 0.017142196 142.422894981 0.238623992 0.971053270 -0.010683516 -27.515524955 -0.019197000 -0.006282324 -0.999795983 0.500660936 0.000000000 0.000000000 0.000000000 1.000000000 
1611678226478438 -0.960735053 0.276845441 0.018567704 141.327673669 0.276671115 0.960896690 -0.011430061 -27.174743643 -0.021006006 -0.005844113 -0.999762269 0.511651116 0.000000000 0.000000000 0.000000000 1.000000000 
1611678226728435 -0.948870798 0.315128483 0.018391500 140.221095174 0.314907892 0.949019919 -0.013936045 -26.776732169 -0.021845545 -0.007431878 -0.999733734 0.523022208 0.000000000 0.000000000 0.000000000 1.000000000 
1611678226979064 -0.934982968 0.354311150 0.016445594 139.100873936 0.354040942 0.935070760 -0.017253576 -26.320607493 -0.021490928 -0.010309386 -0.999715888 0.535920235 0.000000000 0.000000000 0.000000000 1.000000000 
1611678227229693 -0.918425050 0.395380175 0.013036299 137.967700852 0.395145447 0.918453670 -0.017404961 -25.808087058 -0.018854813 -0.010833918 -0.999763533 0.543879517 0.000000000 0.000000000 0.000000000 1.000000000 
1611678227479700 -0.899587178 0.436676651 0.007510764 136.829990919 0.436499654 0.899528530 -0.017789760 -25.229347132 -0.014524519 -0.012724994 -0.999813539 0.550158792 0.000000000 0.000000000 0.000000000 1.000000000 
1611678227729072 -0.881254178 0.472568377 0.008378664 135.706050968 0.472266642 0.881121706 -0.024264325 -24.582453808 -0.018849175 -0.017426075 -0.999670466 0.550904118 0.000000000 0.000000000 0.000000000 1.000000000 
1611678227978452 -0.861471104 0.507716118 0.009585426 134.569145182 0.507398956 0.861382386 -0.023805145 -23.888945938 -0.020342973 -0.015643809 -0.999670663 0.548594535 0.000000000 0.000000000 0.000000000 1.000000000 
1611678228228455 -0.840794523 0.541287865 0.008486237 133.426501002 0.540968889 0.840684039 -0.024556213 -23.122429064 -0.020426224 -0.016055939 -0.999662431 0.550919254 0.000000000 0.000000000 0.000000000 1.000000000 
1611678228478457 -0.818044457 0.575112709 0.006974123 132.282619471 0.574844779 0.817941328 -0.022922988 -22.291878729 -0.018887725 -0.014742985 -0.999712908 0.548032407 0.000000000 0.000000000 0.000000000 1.000000000 
1611678228729090 -0.792097178 0.610384004 0.003664462 131.148376607 0.610093349 0.791880177 -0.026681295 -21.381417319 -0.019187651 -0.018898515 -0.999637274 0.546676647 0.000000000 0.000000000 0.000000000 1.000000000 
1611678228979715 -0.761423727 0.648244331 0.003632569 130.034575711 0.647904486 0.761184771 -0.028592321 -20.403692650 -0.021299866 -0.019417314 -0.999584556 0.543191211 0.000000000 0.000000000 0.000000000 1.000000000 
1611678229229719 -0.730811021 0.682579766 -0.000338685 128.945220484 0.682235825 0.730426846 -0.032107655 -19.345093836 -0.021668651 -0.023695691 -0.999484359 0.532614557 0.000000000 0.000000000 0.000000000 1.000000000 
1611678229479720 -0.702823584 0.711362981 0.001311059 127.884681938 0.710979447 0.702502876 -0.031590107 -18.236780577 -0.023393055 -0.021270137 -0.999500048 0.525546398 0.000000000 0.000000000 0.000000000 1.000000000 
1611678229729720 -0.675437956 0.737347826 0.010087216 126.855302771 0.736978748 0.675444982 -0.025227003 -17.097595193 -0.025414435 -0.009605211 -0.999630855 0.516196733 0.000000000 0.000000000 0.000000000 1.000000000 
1611678229979097 -0.652942269 0.757308926 0.012230434 125.852597407 0.757114479 0.653053674 -0.017279025 -15.914442275 -0.021072689 -0.002022367 -0.999775901 0.524475968 0.000000000 0.000000000 0.000000000 1.000000000 
1611678230229099 -0.634866236 0.772576606 0.008381498 124.873442561 0.772382987 0.634902288 -0.017989068 -14.675599504 -0.019219365 -0.004946925 -0.999803053 0.528539071 0.000000000 0.000000000 0.000000000 1.000000000 
1611678230477859 -0.618269941 0.785953091 0.004474331 123.901860109 0.785871934 0.618274056 -0.011937148 -13.421346633 -0.012148401 -0.003864129 -0.999918739 0.537623291 0.000000000 0.000000000 0.000000000 1.000000000 
1611678230727856 -0.601357768 0.798770208 0.018302706 122.990043597 0.798484000 0.601633786 -0.021449717 -12.127918422 -0.028144921 0.001715464 -0.999602381 0.534308126 0.000000000 0.000000000 0.000000000 1.000000000 
1611678230978494 -0.587189955 0.809361240 0.011930680 122.063876265 0.808917074 0.587274561 -0.027599964 -10.776819481 -0.029344925 -0.006555491 -0.999547848 0.548573484 0.000000000 0.000000000 0.000000000 1.000000000 
1611678231229741 -0.574868874 0.818217331 0.006795321 121.147747446 0.817663924 0.574753507 -0.032925880 -9.395774060 -0.030846160 -0.013371774 -0.999434695 0.559134631 0.000000000 0.000000000 0.000000000 1.000000000 
1611678231480364 -0.566905975 0.823720265 0.010126227 120.242809510 0.823061135 0.566881065 -0.034874439 -8.010628629 -0.034467149 -0.011436024 -0.999340399 0.558848085 0.000000000 0.000000000 0.000000000 1.000000000 
1611678231730999 -0.559667435 0.828690404 0.006676605 119.326006633 0.828206332 0.559587077 -0.030603517 -6.608740390 -0.029096983 -0.011598186 -0.999509303 0.566665557 0.000000000 0.000000000 0.000000000 1.000000000 
1611678231980998 -0.551961997 0.833859570 0.004021335 118.434628794 0.833381720 0.551797746 -0.031530241 -5.198747278 -0.028510757 -0.014052188 -0.999494709 0.569477329 0.000000000 0.000000000 0.000000000 1.000000000 
1611678232230377 -0.545452172 0.838137431 0.002752131 117.563042211 0.837650734 0.545241960 -0.032441528 -3.793418316 -0.028691036 -0.015389978 -0.999469846 0.568595910 0.000000000 0.000000000 0.000000000 1.000000000 
1611678232479133 -0.544719750 0.838617798 -0.000763555 116.708832892 0.838073628 0.544333030 -0.036525962 -2.393410746 -0.030215693 -0.020536328 -0.999332413 0.566536340 0.000000000 0.000000000 0.000000000 1.000000000 
