1612292844098175 0.810558854 -0.585639489 0.004553316 -5.597029323 0.585082919 0.810083795 0.037976594 -0.704211697 -0.025929161 -0.028118198 0.999268255 -0.045519765 0.000000000 0.000000000 0.000000000 1.000000000 
1612292850631561 0.802491477 -0.596599355 0.008754329 -4.292036549 0.595829606 0.802059025 0.041090162 -0.485852157 -0.031535853 -0.027758416 0.999117090 -0.011669329 0.000000000 0.000000000 0.000000000 1.000000000 
1612292851046341 0.792304719 -0.610055691 0.009235012 -3.447236470 0.609363914 0.791981052 0.037968858 -0.360492747 -0.030477072 -0.024455422 0.999236249 0.009844927 0.000000000 0.000000000 0.000000000 1.000000000 
1612292851564636 0.775681251 -0.631107114 0.004733604 -2.079858991 0.630628511 0.775346811 0.033837904 -0.197909279 -0.025025527 -0.023262282 0.999416124 0.037689768 0.000000000 0.000000000 0.000000000 1.000000000 
1612292852083069 0.757950931 -0.652311384 0.000494837 -0.407887391 0.652080530 0.757702444 0.026038223 -0.037558397 -0.017359968 -0.019413022 0.999660826 0.065545001 0.000000000 0.000000000 0.000000000 1.000000000 
1612292852601502 0.750833690 -0.660481069 0.003677839 1.531031756 0.660275502 0.750719061 0.021381144 0.127864970 -0.016882865 -0.013625296 0.999764632 0.083364192 0.000000000 0.000000000 0.000000000 1.000000000 
1612292852808777 0.751801207 -0.659384985 0.002527321 2.374530372 0.659154976 0.751630207 0.023806509 0.188742365 -0.017597266 -0.016231866 0.999713390 0.090034282 0.000000000 0.000000000 0.000000000 1.000000000 
1612292853119934 0.755333313 -0.655250083 0.010904798 3.702411879 0.655107169 0.755403772 0.014132880 0.325814014 -0.017498096 -0.003531224 0.999840661 0.101820365 0.000000000 0.000000000 0.000000000 1.000000000 
1612292853327332 0.758427692 -0.651602074 0.014218767 4.626093833 0.651476483 0.758560834 0.012800524 0.415477038 -0.019126648 -0.000445080 0.999816970 0.112153167 0.000000000 0.000000000 0.000000000 1.000000000 
1612292853638565 0.762368093 -0.646657561 0.025077675 6.053540869 0.646470427 0.762770097 0.016055066 0.564961835 -0.029510631 0.003972105 0.999556574 0.132152551 0.000000000 0.000000000 0.000000000 1.000000000 
1612292853846161 0.764898704 -0.643473046 0.029536604 7.048269300 0.643288893 0.765442984 0.016626428 0.672366277 -0.033307245 0.006283036 0.999425410 0.142402242 0.000000000 0.000000000 0.000000000 1.000000000 
1612292854053604 0.768075241 -0.639571747 0.031755381 8.083525050 0.639569041 0.768646557 0.011572088 0.794010767 -0.031809844 0.011421524 0.999428678 0.169914649 0.000000000 0.000000000 0.000000000 1.000000000 
1612292854364792 0.773351802 -0.632838008 0.037987456 9.692149585 0.632696531 0.774209493 0.017168599 0.978955816 -0.040275191 0.010757165 0.999130718 0.204696034 0.000000000 0.000000000 0.000000000 1.000000000 
1612292854572052 0.777471489 -0.627521678 0.041888280 10.806204429 0.627275396 0.778529674 0.020423639 1.117390126 -0.045427545 0.010396690 0.998913533 0.234421643 0.000000000 0.000000000 0.000000000 1.000000000 
1612292854883057 0.784575766 -0.619224922 0.031644321 12.570834438 0.619285260 0.785114062 0.009037511 1.349522847 -0.030440653 0.012506249 0.999458333 0.283296093 0.000000000 0.000000000 0.000000000 1.000000000 
1612292855090424 0.789538851 -0.612654120 0.035823608 13.761368869 0.612743716 0.790222039 0.009709199 1.523393611 -0.034256986 0.014284901 0.999310963 0.324603211 0.000000000 0.000000000 0.000000000 1.000000000 
1612292855297684 0.794994159 -0.604734362 0.047756029 14.957219818 0.604313508 0.796371478 0.024446935 1.699642102 -0.052815441 0.009424443 0.998559817 0.347504987 0.000000000 0.000000000 0.000000000 1.000000000 
1612292855608750 0.802902997 -0.594853426 0.038680463 16.845393250 0.594923237 0.803708160 0.010933238 2.011526062 -0.037591478 0.014233577 0.999191816 0.427489789 0.000000000 0.000000000 0.000000000 1.000000000 
1612292855816208 0.807778963 -0.588208306 0.038783195 18.117074130 0.588113939 0.808638847 0.015006991 2.225799327 -0.040188835 0.010686606 0.999134953 0.464379450 0.000000000 0.000000000 0.000000000 1.000000000 
1612292856127579 0.814480344 -0.579133232 0.035020978 20.067264332 0.579084682 0.815170834 0.012547610 2.578918025 -0.035814818 0.010060330 0.999307805 0.516872251 0.000000000 0.000000000 0.000000000 1.000000000 
1612292856335220 0.817846671 -0.574492753 0.032937818 21.377006412 0.574536025 0.818428917 0.009080934 2.829883896 -0.032174193 0.011497151 0.999416148 0.556632782 0.000000000 0.000000000 0.000000000 1.000000000 
1612292856646393 0.820779741 -0.570294927 0.032928904 23.340223196 0.570291144 0.821376441 0.010428533 3.210457005 -0.032994366 0.010219534 0.999403288 0.602191652 0.000000000 0.000000000 0.000000000 1.000000000 
1612292856853760 0.822556799 -0.567733265 0.032851980 24.652562956 0.567708357 0.823156438 0.010986355 3.471542490 -0.033279638 0.009613443 0.999399844 0.634141391 0.000000000 0.000000000 0.000000000 1.000000000 
1612292857061127 0.824380054 -0.565234314 0.030127997 25.973420850 0.565060764 0.824916352 0.014810314 3.730446463 -0.033224375 0.004814822 0.999436320 0.665406938 0.000000000 0.000000000 0.000000000 1.000000000 
1612292857371918 0.826028019 -0.562212835 0.039930442 27.981591541 0.562141262 0.826921662 0.014062924 4.154848959 -0.040925704 0.010830179 0.999103495 0.715972209 0.000000000 0.000000000 0.000000000 1.000000000 
1612292857579392 0.826995478 -0.560964746 0.037376906 29.368614524 0.560989465 0.827752329 0.010812148 4.442105201 -0.037004055 0.012026453 0.999242745 0.743049611 0.000000000 0.000000000 0.000000000 1.000000000 
1612292857890412 0.827783969 -0.560806689 0.016418237 31.509333472 0.560944410 0.827837712 -0.005108007 4.884833538 -0.010727031 0.013438045 0.999852164 0.795113638 0.000000000 0.000000000 0.000000000 1.000000000 
1612292858097870 0.829214380 -0.558104630 0.030376538 32.916987629 0.558207937 0.829681128 0.005755455 5.183069383 -0.028414986 0.012183919 0.999521956 0.794386537 0.000000000 0.000000000 0.000000000 1.000000000 
1612292858305313 0.831725828 -0.554783995 0.021139197 34.372873497 0.554741218 0.831980798 0.008374575 5.483980758 -0.022233487 0.004761434 0.999741467 0.817882537 0.000000000 0.000000000 0.000000000 1.000000000 
1612292858616486 0.838735386 -0.544426881 0.011059995 36.590753912 0.544504196 0.838738775 -0.005696296 5.976940476 -0.006175230 0.010799899 0.999922611 0.843900059 0.000000000 0.000000000 0.000000000 1.000000000 
1612292858823975 0.843993935 -0.535899124 0.022053747 38.043202253 0.535902941 0.844256568 0.006235826 6.313568173 -0.021960795 0.006555668 0.999737339 0.835938194 0.000000000 0.000000000 0.000000000 1.000000000 
1612292859135147 0.846069902 -0.532927331 0.012416917 40.265294095 0.533004698 0.846103642 -0.003823566 6.855244024 -0.008468316 0.009853279 0.999915597 0.867123221 0.000000000 0.000000000 0.000000000 1.000000000 
1612292859342774 0.845239234 -0.534193625 0.014415542 41.730877869 0.534281917 0.845301482 -0.002870221 7.209390713 -0.010652225 0.010127986 0.999891971 0.873598969 0.000000000 0.000000000 0.000000000 1.000000000 
1612292859550232 0.845852200 -0.533305874 0.010904131 43.196659391 0.533282545 0.845921279 0.005188192 7.551058105 -0.011990929 0.001426539 0.999927089 0.875110904 0.000000000 0.000000000 0.000000000 1.000000000 
1612292859861267 0.846023182 -0.533031700 0.011044529 45.431488850 0.533079798 0.846063146 -0.001755617 8.101458619 -0.008408569 0.007372908 0.999937466 0.882867139 0.000000000 0.000000000 0.000000000 1.000000000 
1612292860068451 0.846233267 -0.532788682 0.005047497 46.961617188 0.532802658 0.846237364 -0.001910639 8.467405256 -0.003253413 0.004306166 0.999985436 0.879319970 0.000000000 0.000000000 0.000000000 1.000000000 
1612292860379395 0.846120212 -0.532890480 0.010407791 49.286489425 0.532947398 0.846140838 -0.003571132 9.040552322 -0.006903435 0.008568412 0.999939461 0.870495112 0.000000000 0.000000000 0.000000000 1.000000000 
1612292860586685 0.846529111 -0.532243384 0.010268599 50.860659138 0.532308625 0.846535243 -0.005060612 9.422736648 -0.005999254 0.009750019 0.999934471 0.868684166 0.000000000 0.000000000 0.000000000 1.000000000 
1612292860897797 0.846998103 -0.531432028 0.013198963 53.230199650 0.531564513 0.846956829 -0.010163607 10.012915804 -0.005777686 0.015624656 0.999861235 0.864162212 0.000000000 0.000000000 0.000000000 1.000000000 
1612292861105347 0.845887718 -0.533153524 0.014875772 54.805297512 0.533264262 0.845936482 -0.004549191 10.393910911 -0.010158541 0.011780823 0.999879001 0.857984205 0.000000000 0.000000000 0.000000000 1.000000000 
1612292861312973 0.844082332 -0.536206045 0.002844871 56.399625776 0.536209191 0.844042030 -0.008529644 10.767439105 0.002172456 0.008725168 0.999959575 0.862255079 0.000000000 0.000000000 0.000000000 1.000000000 
1612292861624313 0.841969233 -0.539512580 -0.003739886 58.767465417 0.539505458 0.841977473 -0.002792033 11.308533954 0.004655237 0.000333117 0.999989109 0.843057970 0.000000000 0.000000000 0.000000000 1.000000000 
1612292861831818 0.840694210 -0.541427413 -0.009465769 60.346126836 0.541416013 0.840745562 -0.003949701 11.669453805 0.010096780 -0.001804428 0.999947398 0.828332998 0.000000000 0.000000000 0.000000000 1.000000000 
1612292862142807 0.839551749 -0.543268880 -0.003432982 62.682160921 0.543261891 0.839558628 -0.002797804 12.211322764 0.004402149 0.000483893 0.999990193 0.802191050 0.000000000 0.000000000 0.000000000 1.000000000 
1612292862350067 0.838932945 -0.544234152 0.000837272 64.235236573 0.544208827 0.838876893 -0.011059440 12.581456012 0.005316557 0.009733780 0.999938492 0.790025986 0.000000000 0.000000000 0.000000000 1.000000000 
1612292862557175 0.838359928 -0.545075404 0.006740506 65.768034104 0.545114284 0.838331136 -0.007164023 12.935740412 -0.001745843 0.009680376 0.999951620 0.779202028 0.000000000 0.000000000 0.000000000 1.000000000 
1612292862868134 0.838313754 -0.545187051 0.001062572 68.071683339 0.545178040 0.838284883 -0.007704548 13.453774069 0.003309682 0.007038119 0.999969755 0.769962249 0.000000000 0.000000000 0.000000000 1.000000000 
1612292863075501 0.838849826 -0.544339787 -0.005016578 69.603698391 0.544242671 0.838822616 -0.013286613 13.801255328 0.011440451 0.008415237 0.999899145 0.759712711 0.000000000 0.000000000 0.000000000 1.000000000 
1612292863386719 0.839251484 -0.543697344 -0.007081297 71.877875935 0.543537551 0.839220897 -0.016589664 14.323634244 0.014962528 0.010073949 0.999837306 0.719789358 0.000000000 0.000000000 0.000000000 1.000000000 
1612292863594345 0.839279717 -0.543643303 -0.007843181 73.388035141 0.543435374 0.839234046 -0.019084317 14.673071399 0.016957326 0.011754818 0.999787114 0.689467687 0.000000000 0.000000000 0.000000000 1.000000000 
1612292863801972 0.839220183 -0.543690251 -0.010506933 74.894578436 0.543445829 0.839218824 -0.019452434 15.015849706 0.019393715 0.010614926 0.999755574 0.656093987 0.000000000 0.000000000 0.000000000 1.000000000 
1612292864113220 0.836419112 -0.548074086 0.004226637 77.122965964 0.548019334 0.836161655 -0.022549847 15.540603464 0.008824835 0.021177402 0.999736785 0.607349255 0.000000000 0.000000000 0.000000000 1.000000000 
1612292864320755 0.829851129 -0.557982679 -0.001560059 78.611665337 0.557906463 0.829778157 -0.014442604 15.843964162 0.009353226 0.011114844 0.999894483 0.583609788 0.000000000 0.000000000 0.000000000 1.000000000 
1612292864631943 0.815342207 -0.578959751 -0.004763730 80.838986737 0.578761444 0.815233471 -0.020726261 16.277551488 0.015883223 0.014141932 0.999773839 0.551650256 0.000000000 0.000000000 0.000000000 1.000000000 
1612292864839340 0.797449163 -0.603385852 0.000589051 82.308007776 0.603158206 0.797120710 -0.028262216 16.528681858 0.016583476 0.022892972 0.999600370 0.519690285 0.000000000 0.000000000 0.000000000 1.000000000 
1612292865046829 0.776281246 -0.630284639 0.011344658 83.757696536 0.630309270 0.775778051 -0.029641857 16.727872344 0.009881871 0.030161060 0.999496203 0.496617085 0.000000000 0.000000000 0.000000000 1.000000000 
1612292865357681 0.731591648 -0.681424388 0.020843789 85.934439517 0.681510140 0.730200524 -0.048488395 16.914029967 0.017821029 0.049678959 0.998606235 0.465272179 0.000000000 0.000000000 0.000000000 1.000000000 
1612292865564957 0.698726749 -0.715263198 0.013397323 87.369946568 0.715003400 0.697613473 -0.045886596 16.920619681 0.023474841 0.041641323 0.998856813 0.439122802 0.000000000 0.000000000 0.000000000 1.000000000 
1612292865875885 0.647712465 -0.761771265 0.013156877 89.499010419 0.761478713 0.646706833 -0.043822858 16.817769125 0.024874352 0.038403293 0.998952678 0.386153962 0.000000000 0.000000000 0.000000000 1.000000000 
1612292866083176 0.610961094 -0.791506023 0.015644719 90.892300116 0.791469638 0.610260361 -0.034030935 16.659197297 0.017388338 0.033173897 0.999298323 0.361502936 0.000000000 0.000000000 0.000000000 1.000000000 
1612292866394089 0.553287691 -0.832803588 0.017632813 92.966331120 0.832847475 0.552677026 -0.030218994 16.312566737 0.015421235 0.031405241 0.999387761 0.328840151 0.000000000 0.000000000 0.000000000 1.000000000 
1612292866601532 0.511200317 -0.859346837 0.014044563 94.335631936 0.859157094 0.510516015 -0.034964071 15.999183573 0.022876289 0.029940130 0.999289880 0.320836214 0.000000000 0.000000000 0.000000000 1.000000000 
1612292866809082 0.465283296 -0.884647075 0.030182908 95.673243595 0.884875815 0.463995712 -0.041264644 15.647765085 0.022499907 0.045907874 0.998692256 0.297066842 0.000000000 0.000000000 0.000000000 1.000000000 
1612292867120484 0.383169679 -0.923251012 0.028081411 97.623828165 0.923259566 0.381904113 -0.041725555 14.932223305 0.027798755 0.041914399 0.998734405 0.274519032 0.000000000 0.000000000 0.000000000 1.000000000 
1612292867328171 0.326556575 -0.944551134 0.034408694 98.891339672 0.944478751 0.324699079 -0.050303051 14.375839876 0.036341332 0.048925072 0.998141095 0.258037998 0.000000000 0.000000000 0.000000000 1.000000000 
1612292867639359 0.238290614 -0.970954890 0.021544943 100.727475390 0.970092243 0.236905406 -0.052885440 13.350604551 0.046245263 0.033502686 0.998368141 0.221133282 0.000000000 0.000000000 0.000000000 1.000000000 
1612292867846649 0.178600498 -0.983351794 0.033483016 101.921428489 0.982620322 0.176511314 -0.057454843 12.590704007 0.050588192 0.043162555 0.997786464 0.184812014 0.000000000 0.000000000 0.000000000 1.000000000 
1612292868053833 0.120370566 -0.992067122 0.036245716 103.073232634 0.991766086 0.118565869 -0.048395917 11.725267980 0.043714493 0.041772716 0.998170368 0.157597541 0.000000000 0.000000000 0.000000000 1.000000000 
1612292868364517 0.035298482 -0.998625013 0.038756938 104.745531206 0.998819138 0.033956854 -0.034745665 10.266575095 0.033381826 0.039937641 0.998644400 0.131069623 0.000000000 0.000000000 0.000000000 1.000000000 
1612292868571701 -0.016449656 -0.999096517 0.039186206 105.823141169 0.999494684 -0.017497049 -0.026537339 9.195871640 0.027199006 0.038729874 0.998879478 0.125387059 0.000000000 0.000000000 0.000000000 1.000000000 
1612292868882706 -0.077175840 -0.996042968 0.044071492 107.398690633 0.996704111 -0.078184387 -0.021636015 7.469795305 0.024996103 0.042256460 0.998794066 0.133912625 0.000000000 0.000000000 0.000000000 1.000000000 
1612292869090057 -0.107725592 -0.993033484 0.047746165 108.416825556 0.994036263 -0.108404177 -0.011850857 6.250027510 0.016944181 0.046184779 0.998789197 0.142537835 0.000000000 0.000000000 0.000000000 1.000000000 
1612292869297485 -0.128061392 -0.991105489 0.036196542 109.438088605 0.991575409 -0.128667383 -0.014930241 4.962746165 0.019454758 0.033979613 0.999233155 0.166929642 0.000000000 0.000000000 0.000000000 1.000000000 
1612292869608841 -0.142429543 -0.989329847 0.030663957 110.957513493 0.989736321 -0.142716098 -0.007357278 2.981187343 0.011655015 0.029301338 0.999502672 0.183252406 0.000000000 0.000000000 0.000000000 1.000000000 
1612292869816376 -0.147928939 -0.988442019 0.033157263 111.994879048 0.988848547 -0.148406247 -0.012415199 1.639598976 0.017192449 0.030950944 0.999373033 0.197033659 0.000000000 0.000000000 0.000000000 1.000000000 
1612292870127899 -0.154841978 -0.987068373 0.041472760 113.559324162 0.987541003 -0.155834952 -0.021868582 -0.394142157 0.028048692 0.037569877 0.998900283 0.216429075 0.000000000 0.000000000 0.000000000 1.000000000 
1612292870335693 -0.158992995 -0.986193196 0.046305597 114.604871373 0.986508839 -0.160547097 -0.032014693 -1.760953531 0.039006902 0.040590768 0.998414168 0.228288976 0.000000000 0.000000000 0.000000000 1.000000000 
1612292870646958 -0.161735781 -0.985916898 0.042537119 116.147532572 0.985769650 -0.163412693 -0.039427010 -3.826018135 0.045822861 0.035555043 0.998316635 0.234316991 0.000000000 0.000000000 0.000000000 1.000000000 
1612292870854355 -0.162284563 -0.986004168 0.038203418 117.160581604 0.985729132 -0.163751612 -0.039031870 -5.202095726 0.044741458 0.031323952 0.998507392 0.230061354 0.000000000 0.000000000 0.000000000 1.000000000 
1612292871061585 -0.161087949 -0.986286391 0.035914158 118.166064832 0.986079045 -0.162360504 -0.035877341 -6.570463186 0.041216374 0.029634791 0.998710664 0.221966567 0.000000000 0.000000000 0.000000000 1.000000000 
1612292871372452 -0.160103716 -0.986595613 0.031557822 119.676090956 0.986202998 -0.161239208 -0.037490864 -8.609328767 0.042076680 0.025119992 0.998798548 0.209890112 0.000000000 0.000000000 0.000000000 1.000000000 
1612292871579559 -0.158816694 -0.986873447 0.029292625 120.667770985 0.986629718 -0.159737350 -0.032338489 -9.954669622 0.036593122 0.023765083 0.999047629 0.197733824 0.000000000 0.000000000 0.000000000 1.000000000 
1612292871890671 -0.155898940 -0.987493127 0.023512657 122.163717415 0.987115017 -0.156619644 -0.032775448 -11.964267698 0.036048073 0.018100040 0.999186131 0.180950101 0.000000000 0.000000000 0.000000000 1.000000000 
1612292872098099 -0.151229770 -0.988152491 0.026157419 123.150794652 0.988081441 -0.151881732 -0.025040063 -13.280903679 0.028716235 0.022058857 0.999344177 0.168025221 0.000000000 0.000000000 0.000000000 1.000000000 
1612292872305664 -0.143340579 -0.989230123 0.029618290 124.153407717 0.989244119 -0.144095619 -0.025150068 -14.582686825 0.029147070 0.025694694 0.999244830 0.159824347 0.000000000 0.000000000 0.000000000 1.000000000 
1612292872616867 -0.132915621 -0.990586268 0.032745744 125.676545702 0.990443208 -0.133978731 -0.032740673 -16.507232230 0.036819694 0.028081053 0.998927307 0.157958549 0.000000000 0.000000000 0.000000000 1.000000000 
1612292872824463 -0.128430462 -0.990852068 0.041446288 126.681175641 0.991180472 -0.129625112 -0.027542729 -17.762466855 0.032663250 0.037543426 0.998761034 0.153540585 0.000000000 0.000000000 0.000000000 1.000000000 
1612292873135803 -0.124078353 -0.991164855 0.046869953 128.176146761 0.991954281 -0.125096142 -0.019433454 -19.630650295 0.025125007 0.044081580 0.998711945 0.173515407 0.000000000 0.000000000 0.000000000 1.000000000 
1612292873343231 -0.122748370 -0.991798495 0.035617185 129.175110750 0.992037597 -0.123638956 -0.023975290 -20.879817304 0.028182328 0.032390659 0.999077876 0.195768771 0.000000000 0.000000000 0.000000000 1.000000000 
1612292873550507 -0.121410002 -0.991866972 0.038203693 130.159516311 0.992213385 -0.122350004 -0.023303993 -22.099269192 0.027788683 0.035076877 0.998998199 0.206819670 0.000000000 0.000000000 0.000000000 1.000000000 
1612292873861420 -0.117513356 -0.992156312 0.042619982 131.622500074 0.992764327 -0.118435817 -0.019797662 -23.901135726 0.024690108 0.039985108 0.998895185 0.225151757 0.000000000 0.000000000 0.000000000 1.000000000 
1612292874068634 -0.115777277 -0.992625672 0.035915146 132.597485203 0.992898687 -0.116653200 -0.023328713 -25.099798975 0.027346296 0.032959167 0.999082516 0.242440393 0.000000000 0.000000000 0.000000000 1.000000000 
1612292874379547 -0.110877693 -0.993201248 0.035460104 134.030869523 0.993627812 -0.111510966 -0.016403543 -26.857992324 0.020246210 0.033415358 0.999236461 0.257939818 0.000000000 0.000000000 0.000000000 1.000000000 
1612292874586884 -0.106951030 -0.993587477 0.036679718 134.979620303 0.994172481 -0.107369683 -0.009634801 -28.007895564 0.013511308 0.035435514 0.999280626 0.264784715 0.000000000 0.000000000 0.000000000 1.000000000 
1612292874898209 -0.101583323 -0.994672420 0.017538710 136.430556658 0.994309462 -0.102083310 -0.030458028 -29.734904869 0.032086170 0.014344877 0.999382160 0.290120814 0.000000000 0.000000000 0.000000000 1.000000000 
1612292875105713 -0.092846319 -0.995485946 0.019679760 137.359456788 0.995464514 -0.093219668 -0.018986688 -30.843175949 0.020735522 0.017827659 0.999626036 0.274852894 0.000000000 0.000000000 0.000000000 1.000000000 
1612292875313217 -0.074082596 -0.996931794 0.025273857 138.302580605 0.997139819 -0.074430771 -0.013124067 -31.917386037 0.014964952 0.024229304 0.999594413 0.268602116 0.000000000 0.000000000 0.000000000 1.000000000 
1612292875624313 -0.037336669 -0.999142953 0.017869859 139.759036245 0.999130759 -0.037656029 -0.017881581 -33.475259908 0.018539163 0.017186687 0.999680408 0.276569205 0.000000000 0.000000000 0.000000000 1.000000000 
1612292875831619 -0.004719618 -0.999863006 0.015864873 140.738694678 0.999862830 -0.004970305 -0.015799268 -34.452154557 0.015875956 0.015788130 0.999749313 0.275173238 0.000000000 0.000000000 0.000000000 1.000000000 
1612292876142532 0.051089669 -0.998467332 0.021279844 142.225675781 0.998668462 0.050924171 -0.008248153 -35.799423392 0.007151853 0.021672905 0.999739534 0.274496473 0.000000000 0.000000000 0.000000000 1.000000000 
1612292876349884 0.093975385 -0.995273034 0.024499266 143.241034563 0.995540962 0.093741711 -0.010520641 -36.617111488 0.008174307 0.025378705 0.999644488 0.279493981 0.000000000 0.000000000 0.000000000 1.000000000 
1612292876557297 0.139844308 -0.989858932 0.024957242 144.271741489 0.990075891 0.139432191 -0.017561166 -37.364423521 0.013903234 0.027165393 0.999534262 0.290200463 0.000000000 0.000000000 0.000000000 1.000000000 
1612292876868530 0.221776434 -0.974755981 0.025806808 145.810268777 0.975048927 0.221423425 -0.015851094 -38.342764441 0.009736717 0.028678299 0.999541271 0.296192948 0.000000000 0.000000000 0.000000000 1.000000000 
1612292877075974 0.287288434 -0.957474655 0.026601523 146.847218233 0.957770184 0.286810391 -0.020397900 -38.880409953 0.011900879 0.031338226 0.999437984 0.298213513 0.000000000 0.000000000 0.000000000 1.000000000 
1612292877387085 0.392096324 -0.919813020 0.014299678 148.388354204 0.919877486 0.391872461 -0.016167389 -39.534581115 0.009267324 0.019493126 0.999767040 0.302376111 0.000000000 0.000000000 0.000000000 1.000000000 
1612292877594544 0.463855354 -0.885788190 0.014747648 149.404901004 0.885860997 0.463588149 -0.018339086 -39.827710475 0.009407711 0.021571049 0.999723054 0.297249952 0.000000000 0.000000000 0.000000000 1.000000000 
1612292877801911 0.538965909 -0.842225561 0.013109292 150.393118756 0.842272831 0.538688169 -0.019787218 -40.028064837 0.009603480 0.021706237 0.999718267 0.291974539 0.000000000 0.000000000 0.000000000 1.000000000 
1612292878113098 0.649203045 -0.760457287 0.015495842 151.798106404 0.760595882 0.648906854 -0.020342047 -40.134245548 0.005413900 0.024992193 0.999672987 0.282955541 0.000000000 0.000000000 0.000000000 1.000000000 
1612292878320557 0.719967557 -0.693805895 0.016736088 152.687436951 0.693973672 0.719483998 -0.027263859 -40.078762188 0.006874478 0.031243498 0.999488162 0.271550213 0.000000000 0.000000000 0.000000000 1.000000000 
1612292878631714 0.818385978 -0.574613615 0.007973944 153.939664576 0.574605856 0.818011767 -0.026169814 -39.859419658 0.008514751 0.025998884 0.999625708 0.261874857 0.000000000 0.000000000 0.000000000 1.000000000 
1612292879150070 0.950785794 -0.309847613 0.000911204 155.767831697 0.309810595 0.950617712 -0.018530009 -39.057890301 0.004875272 0.017900370 0.999827889 0.221185852 0.000000000 0.000000000 0.000000000 1.000000000 
1612292879564865 0.998643076 -0.051081586 -0.010133057 156.950410131 0.050939223 0.998605819 -0.013842491 -38.051621014 0.010826026 0.013307538 0.999852842 0.193899895 0.000000000 0.000000000 0.000000000 1.000000000 
1612292880083557 0.955119910 0.295832085 -0.015143790 157.910054824 -0.295894956 0.955218300 -0.002043192 -36.464961893 0.013861183 0.006432464 0.999883239 0.153936958 0.000000000 0.000000000 0.000000000 1.000000000 
1612292880602448 0.788007078 0.615114835 -0.026049657 158.224958709 -0.615343989 0.788258057 -0.001005573 -34.687934716 0.019915309 0.016821898 0.999660144 0.123960673 0.000000000 0.000000000 0.000000000 1.000000000 
1612292881120972 0.515549294 0.856301615 -0.030926839 157.887144685 -0.856576749 0.515970955 0.007088458 -32.985870967 0.022027209 0.022836762 0.999496515 0.089211485 0.000000000 0.000000000 0.000000000 1.000000000 
1612292881639267 0.173487047 0.984402574 -0.029220144 156.945917472 -0.984627537 0.173984598 0.015426398 -31.505966056 0.020269641 0.026094678 0.999453956 0.059985278 0.000000000 0.000000000 0.000000000 1.000000000 
1612292882054077 -0.104413104 0.994332943 -0.019997578 155.789460930 -0.994305448 -0.103936937 0.023532748 -30.546666532 0.021320899 0.022340828 0.999523040 0.042519638 0.000000000 0.000000000 0.000000000 1.000000000 
1612292882365540 -0.275671549 0.961117509 -0.016072681 154.698007818 -0.961093611 -0.275284206 0.022752517 -29.964056755 0.017443288 0.021719572 0.999611921 0.032854720 0.000000000 0.000000000 0.000000000 1.000000000 
1612292882573303 -0.368803567 0.929387707 -0.014913752 153.888942445 -0.929328495 -0.368370386 0.025530515 -29.638542723 0.018233962 0.023275520 0.999562791 0.034654652 0.000000000 0.000000000 0.000000000 1.000000000 
1612292882885071 -0.468645508 0.883362462 -0.006492184 152.561713171 -0.883047935 -0.468249944 0.031118063 -29.244158105 0.024448565 0.020316250 0.999494631 0.030906767 0.000000000 0.000000000 0.000000000 1.000000000 
1612292883092682 -0.511372824 0.859343286 -0.005191499 151.604192146 -0.858973806 -0.510953452 0.033023794 -29.019185537 0.025726161 0.021346833 0.999441082 0.035175737 0.000000000 0.000000000 0.000000000 1.000000000 
1612292883300018 -0.540087780 0.841593687 -0.005025408 150.592825957 -0.841312093 -0.539729304 0.029769790 -28.817885997 0.022341708 0.020306237 0.999544149 0.044354109 0.000000000 0.000000000 0.000000000 1.000000000 
1612292883610703 -0.562343344 0.826885574 -0.005496461 148.988803655 -0.826796218 -0.562150493 0.019870529 -28.542445646 0.013340816 0.015718513 0.999787453 0.055351203 0.000000000 0.000000000 0.000000000 1.000000000 
1612292883817474 -0.565424550 0.824799750 0.000671208 147.883380636 -0.824676198 -0.565353578 0.016867132 -28.365602317 0.014291476 0.008983561 0.999857515 0.061987544 0.000000000 0.000000000 0.000000000 1.000000000 
1612292884127838 -0.549433666 0.835467494 0.010803403 146.181264914 -0.835156137 -0.549527616 0.023100344 -28.057190617 0.025236355 0.003669579 0.999674777 0.066617095 0.000000000 0.000000000 0.000000000 1.000000000 
1612292884335022 -0.530164557 0.847867861 0.006755194 144.993181577 -0.847715438 -0.530199453 0.016342473 -27.808955610 0.017437858 0.002937718 0.999843633 0.080618624 0.000000000 0.000000000 0.000000000 1.000000000 
1612292884646134 -0.491644150 0.870783719 0.004663230 143.182471691 -0.870655096 -0.491653834 0.015369174 -27.354584174 0.015675922 0.003496100 0.999871013 0.099174024 0.000000000 0.000000000 0.000000000 1.000000000 
1612292884853653 -0.460011677 0.887883073 0.007273631 141.960925589 -0.887686160 -0.460063897 0.018827980 -26.991101432 0.020063380 0.002204389 0.999796280 0.103081957 0.000000000 0.000000000 0.000000000 1.000000000 
1612292885061356 -0.421869834 0.906635806 0.006112226 140.719614852 -0.906447866 -0.421907799 0.018603098 -26.566905305 0.019445031 0.002307672 0.999808264 0.114295776 0.000000000 0.000000000 0.000000000 1.000000000 
1612292885372894 -0.356299452 0.934369570 0.002051166 138.846833289 -0.934190998 -0.356272827 0.018890528 -25.799525829 0.018381509 0.004814504 0.999819454 0.130304267 0.000000000 0.000000000 0.000000000 1.000000000 
1612292885580292 -0.308262121 0.951300948 -0.000984895 137.603555837 -0.951165990 -0.308200587 0.017194686 -25.199884221 0.016053776 0.006237269 0.999851675 0.136673010 0.000000000 0.000000000 0.000000000 1.000000000 
1612292885891190 -0.234845212 0.971999565 -0.008035678 135.769251289 -0.971946619 -0.234706303 0.015255171 -24.159334014 0.012941996 0.011392854 0.999851343 0.141190579 0.000000000 0.000000000 0.000000000 1.000000000 
1612292886098236 -0.184481906 0.982810252 -0.007101728 134.571783528 -0.982720030 -0.184344384 0.016688040 -23.381600566 0.015092013 0.010057652 0.999835524 0.136787296 0.000000000 0.000000000 0.000000000 1.000000000 
1612292886305344 -0.137426151 0.990498621 -0.005151137 133.391562541 -0.990368424 -0.137315822 0.017741214 -22.532164919 0.016865316 0.007539630 0.999829343 0.134153828 0.000000000 0.000000000 0.000000000 1.000000000 
1612292886616150 -0.067891151 0.997582042 -0.014861366 131.644546013 -0.997609518 -0.067685571 0.013925251 -21.103206196 0.012885680 0.015771242 0.999792592 0.128300251 0.000000000 0.000000000 0.000000000 1.000000000 
1612292886823441 -0.023186469 0.999563302 -0.018319214 130.518934245 -0.999499090 -0.022782392 0.021966624 -20.060314836 0.021539676 0.018819366 0.999590853 0.116305675 0.000000000 0.000000000 0.000000000 1.000000000 
1612292887134766 0.040991310 0.998911026 -0.022281721 128.850971088 -0.998972247 0.041405162 0.018440775 -18.361159336 0.019343272 0.021502910 0.999581644 0.097409798 0.000000000 0.000000000 0.000000000 1.000000000 
1612292887342529 0.076581518 0.996947640 -0.015187992 127.776270906 -0.996678045 0.076966469 0.026627751 -17.160541924 0.027715439 0.013098345 0.999530033 0.084010505 0.000000000 0.000000000 0.000000000 1.000000000 
1612292887550034 0.105095912 0.994462077 0.000164879 126.707492389 -0.994064243 0.105049177 0.028301084 -15.920816705 0.028127034 -0.003138228 0.999599431 0.084051143 0.000000000 0.000000000 0.000000000 1.000000000 
1612292887861221 0.140193893 0.990122794 0.001589174 125.117769435 -0.990000845 0.140150944 0.016001233 -13.942881846 0.015620461 -0.003816558 0.999870709 0.109425736 0.000000000 0.000000000 0.000000000 1.000000000 
1612292888068588 0.154535352 0.987977371 -0.004420356 124.083733922 -0.987907506 0.154578178 0.012014412 -12.572866422 0.012553258 0.002510252 0.999918054 0.122082274 0.000000000 0.000000000 0.000000000 1.000000000 
1612292888379501 0.166317992 0.986033631 -0.008718010 122.581975307 -0.985701593 0.166491354 0.025942201 -10.498618513 0.027031356 0.004278701 0.999625429 0.125184338 0.000000000 0.000000000 0.000000000 1.000000000 
1612292888586777 0.170663779 0.985160847 -0.018220312 121.576856182 -0.984988985 0.171061639 0.023121768 -9.098916078 0.025895457 0.014000759 0.999566608 0.139441484 0.000000000 0.000000000 0.000000000 1.000000000 
1612292888897766 0.178232413 0.983866862 -0.015466235 120.094717580 -0.983511845 0.178613216 0.028315554 -7.023937678 0.030621210 0.010164476 0.999479377 0.140889536 0.000000000 0.000000000 0.000000000 1.000000000 
1612292889105393 0.182787042 0.983000958 -0.017263069 119.110828388 -0.982764785 0.183179881 0.024869848 -5.636235235 0.027609331 0.012419650 0.999541634 0.149009263 0.000000000 0.000000000 0.000000000 1.000000000 
1612292889312988 0.187627204 0.982009095 -0.021311251 118.145500567 -0.981836111 0.188128219 0.024609453 -4.251409205 0.028175955 0.016306753 0.999469962 0.152292025 0.000000000 0.000000000 0.000000000 1.000000000 
1612292889624451 0.188567163 0.981742437 -0.024984223 116.721234062 -0.981590048 0.189203067 0.026137674 -2.193223254 0.030387555 0.019595557 0.999346092 0.149823041 0.000000000 0.000000000 0.000000000 1.000000000 
1612292889831894 0.186864280 0.981976335 -0.028358739 115.778243411 -0.981887984 0.187610588 0.026424515 -0.836479772 0.031268649 0.022907307 0.999248481 0.146187094 0.000000000 0.000000000 0.000000000 1.000000000 
1612292890142853 0.172600543 0.984393625 -0.034325561 114.363819309 -0.984414183 0.173587915 0.028212624 1.167678158 0.033730830 0.028921055 0.999012414 0.134535229 0.000000000 0.000000000 0.000000000 1.000000000 
1612292890349976 0.158270139 0.986806620 -0.034106566 113.406145363 -0.986813373 0.159268672 0.028859272 2.467617398 0.033910628 0.029089255 0.999001444 0.124918182 0.000000000 0.000000000 0.000000000 1.000000000 
1612292890557099 0.139572900 0.989511768 -0.037227220 112.431901772 -0.989703533 0.140607045 0.026768933 3.744240372 0.031722583 0.033107694 0.998948226 0.113564595 0.000000000 0.000000000 0.000000000 1.000000000 
1612292890867996 0.102632863 0.993924771 -0.039749790 110.940199023 -0.994149395 0.103844638 0.029719882 5.591846793 0.033667129 0.036466993 0.998767582 0.091742669 0.000000000 0.000000000 0.000000000 1.000000000 
1612292891075348 0.074288217 0.996124118 -0.047095671 109.913689218 -0.996732585 0.075669417 0.028254093 6.782153826 0.031708286 0.044842844 0.998490713 0.078209872 0.000000000 0.000000000 0.000000000 1.000000000 
1612292891386810 0.024389511 0.999019019 -0.036961486 108.344860858 -0.998901791 0.025832821 0.039088068 8.445149178 0.040004543 0.035967556 0.998551937 0.055417235 0.000000000 0.000000000 0.000000000 1.000000000 
1612292891594513 -0.013620107 0.999386768 -0.032258018 107.269847406 -0.999101364 -0.012307074 0.040558603 9.478566754 0.040136730 0.032781442 0.998656307 0.051884049 0.000000000 0.000000000 0.000000000 1.000000000 
1612292891802124 -0.055602142 0.997930087 -0.032310119 106.169279834 -0.997939717 -0.054506956 0.033842476 10.446514883 0.032011299 0.034125265 0.998904772 0.068925972 0.000000000 0.000000000 0.000000000 1.000000000 
1612292892113480 -0.118792005 0.992616453 -0.024516071 104.520137271 -0.992076747 -0.117638164 0.044102057 11.764142871 0.040892401 0.029560796 0.998726174 0.075582266 0.000000000 0.000000000 0.000000000 1.000000000 
1612292892320770 -0.162903424 0.986472280 -0.018300713 103.400778010 -0.985557914 -0.161827153 0.049875555 12.554062848 0.046239300 0.026161311 0.998587759 0.100088609 0.000000000 0.000000000 0.000000000 1.000000000 
1612292892631683 -0.230505153 0.973046869 -0.006867638 101.683701256 -0.971954722 -0.229896987 0.049511555 13.619035089 0.046598214 0.018087702 0.998749939 0.145311159 0.000000000 0.000000000 0.000000000 1.000000000 
1612292892839005 -0.278507939 0.960373455 -0.010777528 100.502967639 -0.959845747 -0.277927188 0.038113246 14.255274046 0.033607582 0.020959606 0.999215305 0.183928255 0.000000000 0.000000000 0.000000000 1.000000000 
1612292893149902 -0.350951952 0.936227570 -0.017625703 98.718034957 -0.936123882 -0.350337114 0.030593863 15.083733389 0.022467880 0.027236817 0.999376481 0.218771268 0.000000000 0.000000000 0.000000000 1.000000000 
1612292893357269 -0.396422412 0.918034386 -0.007882690 97.517858539 -0.917855552 -0.396131166 0.024925583 15.530130970 0.019759963 0.017116231 0.999658231 0.229740808 0.000000000 0.000000000 0.000000000 1.000000000 
1612292893564835 -0.443371301 0.896329361 -0.003945506 96.312920590 -0.896090636 -0.443141210 0.025444844 15.924803384 0.021058544 0.014817045 0.999668441 0.244003709 0.000000000 0.000000000 0.000000000 1.000000000 
1612292893876160 -0.506829146 0.862040703 -0.003169101 94.480417032 -0.861720840 -0.506533192 0.029348236 16.412805417 0.023694119 0.017605422 0.999564224 0.266708376 0.000000000 0.000000000 0.000000000 1.000000000 
1612292894083786 -0.550582087 0.834778383 -0.002101733 93.223989589 -0.834492644 -0.550323965 0.027668765 16.658135814 0.021940653 0.016987807 0.999614937 0.283562443 0.000000000 0.000000000 0.000000000 1.000000000 
1612292894395050 -0.609698344 0.792556368 -0.011060459 91.295661549 -0.792190971 -0.608832348 0.041912248 16.948938474 0.026483854 0.034315824 0.999060073 0.310633400 0.000000000 0.000000000 0.000000000 1.000000000 
1612292894602402 -0.648201001 0.761469172 -0.000403034 89.985351344 -0.760606068 -0.647440907 0.047944560 17.042788697 0.036247364 0.031384262 0.998849917 0.328169522 0.000000000 0.000000000 0.000000000 1.000000000 
1612292894809662 -0.686782588 0.726836643 -0.006178341 88.633310787 -0.726077980 -0.685621250 0.052290236 17.091561069 0.033770458 0.040397981 0.998612818 0.358614418 0.000000000 0.000000000 0.000000000 1.000000000 
1612292895120392 -0.737754087 0.675068597 0.001138803 86.556624964 -0.674587844 -0.737290312 0.036527216 16.991767434 0.025498005 0.026179881 0.999332010 0.411304474 0.000000000 0.000000000 0.000000000 1.000000000 
1612292895327789 -0.766439163 0.642316858 0.000253242 85.142173992 -0.641921461 -0.765981072 0.034782682 16.859530932 0.022535482 0.026496248 0.999394867 0.433096246 0.000000000 0.000000000 0.000000000 1.000000000 
1612292895639038 -0.795332703 0.606027819 0.013273086 82.995174268 -0.605872760 -0.795437237 0.014064154 16.523967724 0.019081175 0.003143881 0.999812995 0.474172798 0.000000000 0.000000000 0.000000000 1.000000000 
1612292895846787 -0.805327569 0.592594359 0.016716224 81.564464937 -0.592052884 -0.805395372 0.028489960 16.298643823 0.030346159 0.013046862 0.999454296 0.486102920 0.000000000 0.000000000 0.000000000 1.000000000 
1612292896054550 -0.813033684 0.582058516 0.013568794 80.100363546 -0.581797477 -0.813111859 0.018994762 16.026571929 0.022089011 0.007549091 0.999727506 0.523581355 0.000000000 0.000000000 0.000000000 1.000000000 
1612292896365891 -0.818336542 0.574567889 0.014037285 77.901259073 -0.574422323 -0.818452280 0.013223486 15.613398228 0.019086638 0.002757932 0.999814030 0.561033224 0.000000000 0.000000000 0.000000000 1.000000000 
1612292896573181 -0.821877946 0.569434943 0.016139651 76.446962707 -0.569127849 -0.822003832 0.020079616 15.336587120 0.024700890 0.007317469 0.999668105 0.584101442 0.000000000 0.000000000 0.000000000 1.000000000 
1612292896883667 -0.824220448 0.565948274 0.019057898 74.273358206 -0.565609104 -0.824417865 0.020531078 14.901028893 0.027331200 0.006142814 0.999607559 0.631579319 0.000000000 0.000000000 0.000000000 1.000000000 
1612292897090576 -0.825947671 0.563562962 0.014395565 72.827401646 -0.563303236 -0.826041458 0.018573443 14.610947501 0.022358638 0.007231624 0.999723859 0.665172727 0.000000000 0.000000000 0.000000000 1.000000000 
1612292897297577 -0.826830425 0.562276509 0.014020559 71.393905523 -0.562076819 -0.826932649 0.015875878 14.314888535 0.020520691 0.005246028 0.999775665 0.692878398 0.000000000 0.000000000 0.000000000 1.000000000 
1612292897608460 -0.827538696 0.561341517 0.008683826 69.243201307 -0.561245987 -0.827572263 0.011273499 13.874184642 0.013514777 0.004455494 0.999898745 0.724548960 0.000000000 0.000000000 0.000000000 1.000000000 
1612292897816055 -0.827646034 0.561242509 0.002981453 67.805489221 -0.561197744 -0.827629451 0.009305039 13.582571571 0.007689922 0.006028095 0.999952262 0.736617638 0.000000000 0.000000000 0.000000000 1.000000000 
1612292898127686 -0.828536492 0.559911581 0.005128748 65.656531338 -0.559875809 -0.828547308 0.006959657 13.131171070 0.008146203 0.002894868 0.999962629 0.745703041 0.000000000 0.000000000 0.000000000 1.000000000 
1612292898335526 -0.830885402 0.556232258 0.015333725 64.236019558 -0.556082824 -0.831023517 0.013107490 12.827614197 0.020033495 0.002364001 0.999796515 0.750173100 0.000000000 0.000000000 0.000000000 1.000000000 
1612292898646942 -0.834227734 0.551229224 0.014506234 62.078413338 -0.551232375 -0.834341488 0.004141358 12.347281230 0.014385991 -0.004541470 0.999886203 0.779874540 0.000000000 0.000000000 0.000000000 1.000000000 
1612292898854324 -0.838506472 0.544714807 0.013880775 60.648084602 -0.544640080 -0.838621356 0.009022428 12.032464428 0.016555365 0.000005338 0.999862951 0.793552714 0.000000000 0.000000000 0.000000000 1.000000000 
1612292899061478 -0.844778824 0.535038181 0.009104034 59.213120539 -0.534940231 -0.844815262 0.011230409 11.702912084 0.013699925 0.004617098 0.999895492 0.804373637 0.000000000 0.000000000 0.000000000 1.000000000 
