1612292844098130 0.980792665 0.192595030 0.030869128 -5.606493450 0.193322086 -0.980875383 -0.022584388 -0.714474879 0.025929127 0.028118286 -0.999268253 0.319213161 0.000000000 0.000000000 0.000000000 1.000000000 
1612292850598837 0.982943456 0.180304603 0.036227229 -4.360560239 0.181164591 -0.983206091 -0.022026668 -0.505551788 0.031647322 0.028214061 -0.999100803 0.351408841 0.000000000 0.000000000 0.000000000 1.000000000 
1612292851098844 0.986497174 0.160284715 0.033647231 -3.334988500 0.160980622 -0.986772938 -0.019089504 -0.353086576 0.030142421 0.024248294 -0.999251447 0.377250249 0.000000000 0.000000000 0.000000000 1.000000000 
1612292851598850 0.990561892 0.134247029 0.027656337 -1.987723133 0.134804970 -0.990682228 -0.019399565 -0.195153311 0.024794308 0.022944682 -0.999429229 0.404150964 0.000000000 0.000000000 0.000000000 1.000000000 
1612292852097607 0.993923075 0.108350372 0.019419517 -0.363620066 0.108693252 -0.993920132 -0.017565558 -0.040858572 0.017398214 0.019569583 -0.999657108 0.430965572 0.000000000 0.000000000 0.000000000 1.000000000 
1612292852596997 0.995008586 0.098137947 0.018079177 1.506992982 0.098360979 -0.995079789 -0.011888305 0.121509428 0.016823530 0.013607251 -0.999765878 0.448125403 0.000000000 0.000000000 0.000000000 1.000000000 
1612292852846990 0.994785235 0.100139055 0.019352167 2.527162729 0.100436339 -0.994829624 -0.015051961 0.195464179 0.017744820 0.016917129 -0.999699421 0.456245120 0.000000000 0.000000000 0.000000000 1.000000000 
1612292853096995 0.994344768 0.104684352 0.017879291 3.595716431 0.104761397 -0.994491485 -0.003425807 0.312619873 0.017422174 0.005279493 -0.999834284 0.465998442 0.000000000 0.000000000 0.000000000 1.000000000 
1612292853347001 0.993706524 0.110352489 0.019226874 4.707720575 0.110343035 -0.993892346 0.001555117 0.423605930 0.019281054 0.000576221 -0.999813937 0.478401060 0.000000000 0.000000000 0.000000000 1.000000000 
1612292853597625 0.992942475 0.115323528 0.027671726 5.851762487 0.115184213 -0.993322341 0.006582114 0.545331561 0.028246017 -0.003348314 -0.999595394 0.494906989 0.000000000 0.000000000 0.000000000 1.000000000 
1612292853848255 0.992182747 0.120543816 0.032289079 7.046366219 0.120268271 -0.992687461 0.010351228 0.675868383 0.033300741 -0.006386958 -0.999424968 0.507364983 0.000000000 0.000000000 0.000000000 1.000000000 
1612292854098889 0.991466824 0.126789045 0.030299752 8.302178549 0.126351256 -0.991857186 0.015958795 0.824975528 0.032076427 -0.011994204 -0.999413449 0.541322693 0.000000000 0.000000000 0.000000000 1.000000000 
1612292854348884 0.990295106 0.133713942 0.037897037 9.593905970 0.133197204 -0.990962672 0.015858386 0.972748865 0.039675037 -0.010656702 -0.999155807 0.567654163 0.000000000 0.000000000 0.000000000 1.000000000 
1612292854598889 0.988931197 0.141816389 0.043625672 10.937082529 0.141189603 -0.989834125 0.017143532 1.140255137 0.045613413 -0.010794282 -0.998900846 0.603304527 0.000000000 0.000000000 0.000000000 1.000000000 
1612292854848893 0.988178502 0.149955079 0.031886093 12.358947463 0.149518307 -0.988634606 0.015680916 1.325354513 0.033875128 -0.010727989 -0.999368494 0.642583424 0.000000000 0.000000000 0.000000000 1.000000000 
1612292855098898 0.986585101 0.159994257 0.032429565 13.796840957 0.159411793 -0.987012976 0.019830926 1.535922065 0.035181236 -0.014395241 -0.999277268 0.691002881 0.000000000 0.000000000 0.000000000 1.000000000 
1612292855348900 0.983737405 0.171459063 0.053502410 15.238352488 0.170726229 -0.985153827 0.018013661 1.749732464 0.055796710 -0.008586447 -0.998405228 0.714771063 0.000000000 0.000000000 0.000000000 1.000000000 
1612292855598280 0.982818648 0.181215606 0.035048665 16.766941717 0.180567871 -0.983341186 0.020865204 2.005899118 0.038245897 -0.014178049 -0.999167771 0.788923061 0.000000000 0.000000000 0.000000000 1.000000000 
1612292855848281 0.980828301 0.191005311 0.038636964 18.299482894 0.190454084 -0.981539912 0.017511223 2.263362213 0.041268459 -0.009816936 -0.999099866 0.832335425 0.000000000 0.000000000 0.000000000 1.000000000 
1612292856098283 0.979200590 0.199938526 0.034507822 19.868285710 0.199458259 -0.979761007 0.016875186 2.547026251 0.037183419 -0.009641322 -0.999261947 0.875073838 0.000000000 0.000000000 0.000000000 1.000000000 
1612292856348287 0.978001946 0.206563280 0.029048318 21.447611941 0.206107631 -0.978365160 0.017923662 2.849683142 0.032122233 -0.011542297 -0.999417299 0.923319889 0.000000000 0.000000000 0.000000000 1.000000000 
1612292856597665 0.977112142 0.210512558 0.030599430 23.019901814 0.210079434 -0.977540369 0.016776707 3.152881734 0.033443886 -0.009964413 -0.999390923 0.958623638 0.000000000 0.000000000 0.000000000 1.000000000 
1612292856847669 0.976303902 0.214259900 0.030387273 24.601815203 0.213834850 -0.976727982 0.016646489 3.467503039 0.033246775 -0.009754174 -0.999399574 0.998026172 0.000000000 0.000000000 0.000000000 1.000000000 
1612292857097676 0.975531958 0.217608317 0.031369092 26.196523976 0.217387954 -0.976030794 0.010313401 3.777798740 0.032861481 -0.003241789 -0.999454658 1.035332294 0.000000000 0.000000000 0.000000000 1.000000000 
1612292857348304 0.974632096 0.220820572 0.036476742 27.813083183 0.220264175 -0.975261444 0.018676443 4.125353201 0.039698503 -0.010168142 -0.999159966 1.076291023 0.000000000 0.000000000 0.000000000 1.000000000 
1612292857598308 0.974506825 0.222228021 0.030840797 29.485197727 0.221682418 -0.974910702 0.020150140 4.473841703 0.034544949 -0.012799586 -0.999321178 1.110278327 0.000000000 0.000000000 0.000000000 1.000000000 
1612292857848311 0.975060167 0.221847168 0.006442467 31.219668430 0.221696413 -0.974938084 0.018612733 4.832509351 0.010410189 -0.016720263 -0.999806012 1.156415658 0.000000000 0.000000000 0.000000000 1.000000000 
1612292858097687 0.973877032 0.225704252 0.024922234 32.905361937 0.225292070 -0.974119368 0.018301362 5.187272027 0.028407926 -0.012208494 -0.999521857 1.159211737 0.000000000 0.000000000 0.000000000 1.000000000 
1612292858348315 0.972978039 0.230518585 0.013225605 34.673024387 0.230204316 -0.972899286 0.021747457 5.568619886 0.017880375 -0.018115206 -0.999676013 1.189792640 0.000000000 0.000000000 0.000000000 1.000000000 
1612292858598320 0.970658942 0.240443257 0.002873813 36.459841219 0.240379630 -0.970573276 0.014323015 5.956051688 0.006233118 -0.013211956 -0.999893291 1.208643644 0.000000000 0.000000000 0.000000000 1.000000000 
1612292858848319 0.967376555 0.252529104 0.020289236 38.206890374 0.252386296 -0.967581312 0.009357470 6.356942597 0.021994519 -0.003931472 -0.999750361 1.201956069 0.000000000 0.000000000 0.000000000 1.000000000 
1612292859097696 0.966884061 0.255113441 0.007234950 39.995030283 0.255034568 -0.966877119 0.010295878 6.793537636 0.009621924 -0.008109758 -0.999920822 1.228923393 0.000000000 0.000000000 0.000000000 1.000000000 
1612292859347076 0.967289297 0.253546052 0.008112625 41.757034614 0.253438241 -0.967272851 0.012340599 7.220157367 0.010976032 -0.009880880 -0.999890942 1.238445367 0.000000000 0.000000000 0.000000000 1.000000000 
1612292859597703 0.967024964 0.254497781 0.009674671 43.530981440 0.254476097 -0.967072979 0.003430505 7.631825274 0.010229169 -0.000855411 -0.999947315 1.242621014 0.000000000 0.000000000 0.000000000 1.000000000 
1612292859847703 0.966993322 0.254714682 0.006659299 45.329262506 0.254648338 -0.966987812 0.009423131 8.080026751 0.008839671 -0.007416325 -0.999933427 1.247931607 0.000000000 0.000000000 0.000000000 1.000000000 
1612292860097711 0.966931787 0.255024330 0.002347512 47.177463531 0.255008211 -0.966922497 0.005630026 8.523251124 0.003705656 -0.004845216 -0.999981396 1.243518979 0.000000000 0.000000000 0.000000000 1.000000000 
1612292860348340 0.966953633 0.254910062 0.004640190 49.049513438 0.254853865 -0.966925910 0.010187823 8.987986425 0.007083699 -0.008668582 -0.999937336 1.236693737 0.000000000 0.000000000 0.000000000 1.000000000 
1612292860598353 0.966729303 0.255783061 0.003079081 50.947588609 0.255734344 -0.966681127 0.011293533 9.448266269 0.005865184 -0.010130362 -0.999931485 1.233650464 0.000000000 0.000000000 0.000000000 1.000000000 
1612292860848348 0.966485012 0.256723021 0.000108397 52.854307196 0.256686981 -0.966356237 0.016352897 9.925316070 0.004302915 -0.015777006 -0.999866277 1.229640955 0.000000000 0.000000000 0.000000000 1.000000000 
1612292861098974 0.966985392 0.254735400 0.007009184 54.752888850 0.254621206 -0.966938695 0.014057075 10.386531973 0.010358286 -0.011808299 -0.999876627 1.223011945 0.000000000 0.000000000 0.000000000 1.000000000 
1612292861348353 0.968017727 0.250825845 -0.005298608 56.671965896 0.250857317 -0.968002422 0.006474340 10.831594561 -0.003505134 -0.007596471 -0.999965003 1.227131983 0.000000000 0.000000000 0.000000000 1.000000000 
1612292861597735 0.968847611 0.247613790 -0.004660124 58.567374388 0.247615416 -0.968858375 -0.000233990 11.262541956 -0.004572939 -0.000927218 -0.999989114 1.210783354 0.000000000 0.000000000 0.000000000 1.000000000 
1612292861847736 0.969462097 0.245056732 -0.009510017 60.470513880 0.245024027 -0.969506647 -0.004481976 11.696215250 -0.010318363 0.002014923 -0.999944734 1.192434394 0.000000000 0.000000000 0.000000000 1.000000000 
1612292862097111 0.969979172 0.243144592 -0.004594863 62.341299535 0.243139238 -0.969989910 -0.001698482 12.130886965 -0.004869948 0.000530301 -0.999988001 1.171014589 0.000000000 0.000000000 0.000000000 1.000000000 
1612292862347118 0.970268216 0.241916619 -0.007479263 64.215174165 0.241973632 -0.970249953 0.007986925 12.579642404 -0.005324585 -0.009559244 -0.999940133 1.155131656 0.000000000 0.000000000 0.000000000 1.000000000 
1612292862597121 0.970544909 0.240918797 0.000843982 66.061270421 0.240899634 -0.970501657 0.009690178 13.005553937 0.003153632 -0.009201438 -0.999952693 1.141872453 0.000000000 0.000000000 0.000000000 1.000000000 
1612292862847747 0.970575974 0.240767808 -0.003625176 67.920753705 0.240786541 -0.970558408 0.006182143 13.422219834 -0.002029984 -0.006873133 -0.999974319 1.134991949 0.000000000 0.000000000 0.000000000 1.000000000 
1612292863098384 0.970225268 0.241814010 -0.013744558 69.776019391 0.241908375 -0.970282636 0.005651924 13.843141273 -0.011969391 -0.008808563 -0.999889565 1.122117233 0.000000000 0.000000000 0.000000000 1.000000000 
1612292863348385 0.969980691 0.242631066 -0.016359274 71.603570237 0.242761304 -0.970064406 0.006480557 14.263189985 -0.014297165 -0.010257414 -0.999845176 1.090036628 0.000000000 0.000000000 0.000000000 1.000000000 
1612292863599009 0.969936729 0.242581745 -0.019412329 73.428142296 0.242760754 -0.970057719 0.007432238 14.685278327 -0.017028154 -0.011921353 -0.999783938 1.053733772 0.000000000 0.000000000 0.000000000 1.000000000 
1612292863848380 0.969926700 0.242482773 -0.021078479 75.236697580 0.242637015 -0.970103960 0.005058281 15.095552509 -0.019221770 -0.010020581 -0.999765028 1.013080713 0.000000000 0.000000000 0.000000000 1.000000000 
1612292864098385 0.971232116 0.237728949 -0.013896909 77.020054380 0.237954911 -0.971112323 0.017841421 15.524440863 -0.009254037 -0.020634999 -0.999744247 0.974726496 0.000000000 0.000000000 0.000000000 1.000000000 
1612292864348391 0.974562361 0.223750666 -0.012800173 78.813857841 0.223883368 -0.974563840 0.010077668 15.891171719 -0.010219701 -0.012687062 -0.999867289 0.946312590 0.000000000 0.000000000 0.000000000 1.000000000 
1612292864598393 0.978740249 0.204281409 -0.018347480 80.604579966 0.204525115 -0.978780888 0.012547953 16.244561680 -0.015394850 -0.016033708 -0.999752929 0.919340071 0.000000000 0.000000000 0.000000000 1.000000000 
1612292864847773 0.985291327 0.169762063 -0.019540802 82.372673649 0.170149485 -0.985210434 0.020237433 16.547407555 -0.015816254 -0.023264625 -0.999604223 0.883323190 0.000000000 0.000000000 0.000000000 1.000000000 
1612292865097778 0.991939757 0.126182010 -0.011559331 84.115128027 0.126474270 -0.991529374 0.029559438 16.774257761 -0.007731547 -0.030783140 -0.999496184 0.853270674 0.000000000 0.000000000 0.000000000 1.000000000 
1612292865347157 0.997265041 0.070939840 -0.020735879 85.867012141 0.071878103 -0.996224572 0.048684086 16.929310197 -0.017203950 -0.050041393 -0.998598960 0.830346244 0.000000000 0.000000000 0.000000000 1.000000000 
1612292865597783 0.999627323 0.013977184 -0.023448959 87.602789264 0.014947495 -0.999017192 0.041727951 16.932608922 -0.022842673 -0.042062903 -0.998853805 0.797506943 0.000000000 0.000000000 0.000000000 1.000000000 
1612292865847159 0.998905834 -0.040728429 -0.022985440 89.312082716 -0.039723335 -0.998301810 0.042609304 16.852018472 -0.024681816 -0.041649624 -0.998827371 0.754770517 0.000000000 0.000000000 0.000000000 1.000000000 
1612292866098415 0.995149327 -0.097493893 -0.013143729 90.999777928 -0.096985285 -0.994671496 0.034963840 16.658761190 -0.016482453 -0.033519494 -0.999302143 0.724373815 0.000000000 0.000000000 0.000000000 1.000000000 
1612292866348421 0.988101176 -0.153608280 -0.007782233 92.666135906 -0.153239287 -0.987540795 0.035789660 16.389409652 -0.013182860 -0.034171261 -0.999329043 0.695602915 0.000000000 0.000000000 0.000000000 1.000000000 
1612292866599047 0.977016704 -0.212560078 -0.016017935 94.327773251 -0.211934104 -0.976695268 0.033915904 16.013845490 -0.022853808 -0.029741658 -0.999296321 0.685796583 0.000000000 0.000000000 0.000000000 1.000000000 
1612292866849046 0.961476375 -0.274748589 -0.008740360 95.935323258 -0.273963180 -0.960363995 0.051431251 15.585086054 -0.022524591 -0.047055396 -0.998638289 0.657541718 0.000000000 0.000000000 0.000000000 1.000000000 
1612292867098425 0.938674112 -0.344614178 -0.011488227 97.497806389 -0.343724695 -0.937848082 0.047898942 15.002179214 -0.027280866 -0.041012710 -0.998786119 0.640250788 0.000000000 0.000000000 0.000000000 1.000000000 
1612292867347803 0.910925706 -0.412346541 -0.013590008 99.023014027 -0.410897351 -0.909702849 0.060034096 14.335965465 -0.037117721 -0.049102503 -0.998103812 0.619843518 0.000000000 0.000000000 0.000000000 1.000000000 
1612292867597183 0.877905256 -0.478280778 -0.023018670 100.499662416 -0.476638451 -0.877467491 0.053540543 13.512508042 -0.045805547 -0.036031941 -0.998300331 0.590458536 0.000000000 0.000000000 0.000000000 1.000000000 
1612292867847184 0.840114608 -0.542072615 -0.019097785 101.942923209 -0.540046473 -0.839219453 0.063722189 12.604417988 -0.050569286 -0.043220250 -0.997784925 0.548896593 0.000000000 0.000000000 0.000000000 1.000000000 
1612292868097818 0.799508341 -0.600591034 -0.008764854 103.327674718 -0.599226646 -0.798527938 0.057276164 11.543091566 -0.041398531 -0.040540637 -0.998319898 0.516636583 0.000000000 0.000000000 0.000000000 1.000000000 
1612292868347820 0.756992363 -0.653423328 0.000718919 104.669728451 -0.652539980 -0.755910885 0.052823367 10.364245168 -0.033972581 -0.040456009 -0.998603613 0.496286846 0.000000000 0.000000000 0.000000000 1.000000000 
1612292868597827 0.715108611 -0.698969863 0.007797711 105.967244633 -0.698508152 -0.714123266 0.045981772 9.069220553 -0.026571346 -0.038328726 -0.998911844 0.489611994 0.000000000 0.000000000 0.000000000 1.000000000 
1612292868847817 0.680044020 -0.733060292 0.012756953 107.235194766 -0.732707630 -0.678892377 0.047377938 7.684525101 -0.026070287 -0.041566200 -0.998795570 0.496509020 0.000000000 0.000000000 0.000000000 1.000000000 
1612292869097828 0.652429262 -0.757474678 0.023836316 108.461029838 -0.757665559 -0.651254909 0.042543432 6.219509416 -0.016702055 -0.045816536 -0.998810235 0.507867034 0.000000000 0.000000000 0.000000000 1.000000000 
1612292869347832 0.634752003 -0.772625987 0.011788942 109.692694029 -0.772460020 -0.634075329 0.035411797 4.656932127 -0.019884997 -0.031584195 -0.999303270 0.536839412 0.000000000 0.000000000 0.000000000 1.000000000 
1612292869597835 0.626595460 -0.779192525 0.015399340 110.907777693 -0.779254514 -0.626100087 0.027587739 3.062680775 -0.011854632 -0.029286357 -0.999500764 0.547821667 0.000000000 0.000000000 0.000000000 1.000000000 
1612292869847838 0.621329612 -0.783437804 0.013218169 112.160304735 -0.783330438 -0.620668965 0.034109534 1.447031130 -0.018518591 -0.031547457 -0.999330686 0.564410253 0.000000000 0.000000000 0.000000000 1.000000000 
1612292870098465 0.616802465 -0.787018646 0.012504788 113.421073217 -0.786660943 -0.615825212 0.043861928 -0.187770372 -0.026819391 -0.036891174 -0.998959339 0.579351989 0.000000000 0.000000000 0.000000000 1.000000000 
1612292870348471 0.612533882 -0.790407936 0.007585388 114.683263603 -0.789448276 -0.611252240 0.056054604 -1.830799231 -0.039669418 -0.040323615 -0.998398890 0.593238413 0.000000000 0.000000000 0.000000000 1.000000000 
1612292870598467 0.610606922 -0.791933164 0.001025085 115.925757109 -0.790618446 -0.609517635 0.058401424 -3.490676616 -0.045625217 -0.036470765 -0.998292654 0.599188309 0.000000000 0.000000000 0.000000000 1.000000000 
1612292870848476 0.609854295 -0.792509987 -0.002379178 117.148366908 -0.791245783 -0.609045712 0.054712271 -5.151655859 -0.044809049 -0.031483999 -0.998499327 0.594666081 0.000000000 0.000000000 0.000000000 1.000000000 
1612292871098486 0.610953427 -0.791665240 -0.001434873 118.360663342 -0.790600888 -0.610224039 0.050762768 -6.802320878 -0.041062712 -0.029879275 -0.998709709 0.584990491 0.000000000 0.000000000 0.000000000 1.000000000 
1612292871347858 0.611624506 -0.791126424 -0.005868924 119.572491205 -0.790034690 -0.611140310 0.048504743 -8.440044500 -0.041960120 -0.025030036 -0.998805710 0.575541744 0.000000000 0.000000000 0.000000000 1.000000000 
1612292871597861 0.612979827 -0.790090790 -0.003503611 120.768104459 -0.789291399 -0.612547982 0.042474208 -10.065015014 -0.035704611 -0.023270463 -0.999091420 0.561116664 0.000000000 0.000000000 0.000000000 1.000000000 
1612292871847864 0.614857770 -0.788601158 -0.007624658 121.971650553 -0.787798363 -0.614620450 0.040192558 -11.682493352 -0.036382169 -0.018706014 -0.999162861 0.547963523 0.000000000 0.000000000 0.000000000 1.000000000 
1612292872097868 0.619126946 -0.785290781 -0.000463494 123.160170981 -0.784765603 -0.618734262 0.036205809 -13.271402706 -0.028718868 -0.022052257 -0.999344247 0.532800681 0.000000000 0.000000000 0.000000000 1.000000000 
1612292872347872 0.626778442 -0.779196990 0.000913903 124.372211023 -0.778565972 -0.626222783 0.040988453 -14.836390615 -0.031365773 -0.026402212 -0.999159202 0.525079288 0.000000000 0.000000000 0.000000000 1.000000000 
1612292872597877 0.632882619 -0.774245296 -0.001952545 125.597246475 -0.773399928 -0.632305564 0.045190977 -16.381397275 -0.036223506 -0.027090486 -0.998976458 0.523029767 0.000000000 0.000000000 0.000000000 1.000000000 
1612292872847874 0.637505823 -0.770389445 0.009296686 126.804974561 -0.769784494 -0.636412719 0.049098710 -17.889417620 -0.031908599 -0.038457158 -0.998750664 0.518557869 0.000000000 0.000000000 0.000000000 1.000000000 
1612292873098501 0.640374472 -0.767842692 0.018388465 128.004393851 -0.767669003 -0.639096042 0.047334461 -19.390680560 -0.024593425 -0.044428035 -0.998709824 0.534353948 0.000000000 0.000000000 0.000000000 1.000000000 
1612292873348506 0.641493700 -0.767099940 0.006596580 129.210766178 -0.766598328 -0.640707236 0.042675996 -20.899577387 -0.028510277 -0.032433310 -0.999067187 0.560903032 0.000000000 0.000000000 0.000000000 1.000000000 
1612292873597886 0.642769299 -0.765979765 0.011073780 130.392589543 -0.765574679 -0.641780759 0.044864987 -22.360045100 -0.027258733 -0.037315642 -0.998931682 0.572724273 0.000000000 0.000000000 0.000000000 1.000000000 
1612292873847894 0.645469461 -0.763642648 0.014801357 131.567340764 -0.763393315 -0.644394993 0.044561634 -23.808397380 -0.024491244 -0.040062431 -0.998896982 0.588298940 0.000000000 0.000000000 0.000000000 1.000000000 
1612292874097894 0.646982231 -0.762479714 0.006219199 132.744196494 -0.762013354 -0.646250627 0.041179796 -25.257259888 -0.027379597 -0.031381709 -0.999132397 0.608466338 0.000000000 0.000000000 0.000000000 1.000000000 
1612292874347274 0.650105499 -0.759777117 0.010078312 133.890805396 -0.759564405 -0.649449397 0.035740688 -26.668481961 -0.020609603 -0.030890345 -0.999310278 0.621370378 0.000000000 0.000000000 0.000000000 1.000000000 
1612292874597279 0.653926105 -0.756359603 0.017343587 135.032697671 -0.756434201 -0.653231506 0.033104357 -28.053562595 -0.013709421 -0.034767085 -0.999301407 0.630487246 0.000000000 0.000000000 0.000000000 1.000000000 
1612292874847906 0.656677628 -0.754124074 -0.008448272 136.211309434 -0.753534123 -0.656541984 0.033748320 -29.454866133 -0.030997066 -0.015795706 -0.999394656 0.654427171 0.000000000 0.000000000 0.000000000 1.000000000 
1612292875097910 0.664012103 -0.747721142 -0.001010390 137.332243588 -0.747419701 -0.663781606 0.027527643 -30.795890942 -0.021253679 -0.017523502 -0.999620532 0.640374993 0.000000000 0.000000000 0.000000000 1.000000000 
1612292875348535 0.681072699 -0.732179041 0.007336953 138.470516095 -0.732069763 -0.680702560 0.026793404 -32.089993923 -0.014623287 -0.023619417 -0.999614067 0.634271712 0.000000000 0.000000000 0.000000000 1.000000000 
1612292875598539 0.702364964 -0.711816991 -0.000171743 139.643693763 -0.711578152 -0.702135506 0.025734506 -33.343585115 -0.018438846 -0.017952806 -0.999668798 0.641249918 0.000000000 0.000000000 0.000000000 1.000000000 
1612292875849169 0.729711681 -0.683754813 -0.000467928 140.827168144 -0.683586469 -0.729546873 0.021700233 -34.526854432 -0.015179014 -0.015515044 -0.999764413 0.639649497 0.000000000 0.000000000 0.000000000 1.000000000 
1612292876099171 0.759527139 -0.650427260 0.007931223 142.018442941 -0.650429013 -0.759270320 0.021229252 -35.612331050 -0.007786142 -0.021282890 -0.999743174 0.637796746 0.000000000 0.000000000 0.000000000 1.000000000 
1612292876349177 0.791807908 -0.610703402 0.009032788 143.240520403 -0.610715640 -0.791452915 0.025073697 -36.605179749 -0.008163566 -0.025370016 -0.999644796 0.644344506 0.000000000 0.000000000 0.000000000 1.000000000 
1612292876599189 0.825019820 -0.565089233 0.004056551 144.483254456 -0.564947489 -0.824601551 0.029438364 -37.498162356 -0.013290264 -0.026578973 -0.999558366 0.656709494 0.000000000 0.000000000 0.000000000 1.000000000 
1612292876849179 0.861202318 -0.508226759 0.006010761 145.717348387 -0.508171730 -0.860765390 0.029059176 -38.278208378 -0.009594796 -0.028080328 -0.999559621 0.660836756 0.000000000 0.000000000 0.000000000 1.000000000 
1612292877099182 0.899689027 -0.436523915 0.002554760 146.967562190 -0.436358578 -0.899152799 0.033398144 -38.924462997 -0.012281969 -0.031162736 -0.999438861 0.663341470 0.000000000 0.000000000 0.000000000 1.000000000 
1612292877348561 0.935050678 -0.354508086 -0.002061001 148.201778745 -0.354382345 -0.934845904 0.021824061 -39.459920559 -0.009663525 -0.019676220 -0.999759702 0.667297395 0.000000000 0.000000000 0.000000000 1.000000000 
1612292877598565 0.964531503 -0.263946028 -0.003387387 149.427806562 -0.263799214 -0.964294769 0.023357511 -39.824530048 -0.009431562 -0.021635465 -0.999721437 0.661987794 0.000000000 0.000000000 0.000000000 1.000000000 
1612292877848570 0.986843919 -0.161566661 -0.005940847 150.614071146 -0.161400347 -0.986641220 0.022114062 -40.052115829 -0.009434380 -0.020864273 -0.999737803 0.656573484 0.000000000 0.000000000 0.000000000 1.000000000 
1612292878098573 0.998674237 -0.051298192 -0.004273579 151.736629677 -0.051175907 -0.998376606 0.025003600 -40.125455927 -0.005549281 -0.024751747 -0.999678226 0.648629535 0.000000000 0.000000000 0.000000000 1.000000000 
1612292878348576 0.997786119 0.065863437 -0.009212351 152.807010540 0.066121122 -0.997323061 0.031220332 -40.053405948 -0.007131412 -0.031760345 -0.999470071 0.635161919 0.000000000 0.000000000 0.000000000 1.000000000 
1612292878598575 0.981849042 0.189157646 -0.013850743 153.814819951 0.189460433 -0.981559195 0.025422269 -39.880019079 -0.008786508 -0.027584998 -0.999580845 0.628073007 0.000000000 0.000000000 0.000000000 1.000000000 
1612292879098591 0.890060874 0.455659864 -0.012873582 155.603713364 0.455814175 -0.889962427 0.014153301 -39.155516657 -0.005007913 -0.018465261 -0.999816961 0.590391931 0.000000000 0.000000000 0.000000000 1.000000000 
1612292879598591 0.703078553 0.710902356 -0.017273909 157.035394075 0.711020246 -0.703170824 0.001000985 -37.953064670 -0.011434906 -0.012985870 -0.999850294 0.556419526 0.000000000 0.000000000 0.000000000 1.000000000 
1612292880097973 0.426451432 0.904431715 -0.011935246 157.931903095 0.904407412 -0.426564900 -0.009466747 -36.414260796 -0.013653183 -0.006757217 -0.999883959 0.517893990 0.000000000 0.000000000 0.000000000 1.000000000 
1612292880598606 0.090552330 0.995721118 -0.018431791 158.232243159 0.995693214 -0.090888269 -0.018285147 -34.695070275 -0.019882141 -0.016696646 -0.999662904 0.488969491 0.000000000 0.000000000 0.000000000 1.000000000 
1612292881098610 -0.259081206 0.965718750 -0.016254970 157.921856466 0.965610441 0.258599655 -0.026883002 -33.047130044 -0.021757889 -0.022660849 -0.999506418 0.455795237 0.000000000 0.000000000 0.000000000 1.000000000 
1612292881598618 -0.578516408 0.815614585 -0.009571605 157.048406724 0.815413680 0.577999674 -0.031888986 -31.601782893 -0.020476738 -0.026253119 -0.999445585 0.426904756 0.000000000 0.000000000 0.000000000 1.000000000 
1612292882097996 -0.814030847 0.580805671 0.004307352 155.652548321 0.580470323 0.813773992 -0.028741857 -30.452065487 -0.020198644 -0.020896468 -0.999577587 0.405629335 0.000000000 0.000000000 0.000000000 1.000000000 
1612292882348627 -0.886729638 0.462256059 0.005466741 154.767222336 0.461964459 0.886488959 -0.026947448 -29.985662733 -0.017302826 -0.021369661 -0.999621903 0.397821318 0.000000000 0.000000000 0.000000000 1.000000000 
1612292882598633 -0.934831111 0.354981375 0.008889191 153.792308318 0.354622943 0.934589124 -0.028031005 -29.595013866 -0.018258226 -0.023051944 -0.999567529 0.399654638 0.000000000 0.000000000 0.000000000 1.000000000 
1612292882848635 -0.962488459 0.270788219 0.017020756 152.731865427 0.270305983 0.962418916 -0.026163070 -29.278927319 -0.023465749 -0.020580840 -0.999512775 0.395905268 0.000000000 0.000000000 0.000000000 1.000000000 
1612292883099262 -0.977140047 0.211597984 0.020582075 151.582278518 0.211042344 0.977125056 -0.026225065 -29.004794519 -0.025660432 -0.021281871 -0.999444158 0.400212881 0.000000000 0.000000000 0.000000000 1.000000000 
1612292883349264 -0.984620967 0.173872843 0.017023104 150.352681221 0.173449920 0.984555284 -0.023791152 -28.764163811 -0.020896822 -0.020472611 -0.999572006 0.411930092 0.000000000 0.000000000 0.000000000 1.000000000 
1612292883599270 -0.988029879 0.153862843 0.011098812 149.054509962 0.153645479 0.987956071 -0.018326731 -28.545897855 -0.013784942 -0.016402075 -0.999770447 0.419972161 0.000000000 0.000000000 0.000000000 1.000000000 
1612292883849273 -0.988532995 0.150342583 0.014128899 147.717677896 0.150205448 0.988600963 -0.010317934 -28.333657506 -0.015519068 -0.008077381 -0.999846946 0.427889800 0.000000000 0.000000000 0.000000000 1.000000000 
1612292884098654 -0.985878102 0.165750621 0.023897677 146.354062327 0.165600073 0.986159227 -0.008160546 -28.087178811 -0.024919530 -0.004087846 -0.999681102 0.430983471 0.000000000 0.000000000 0.000000000 1.000000000 
1612292884348654 -0.981133681 0.192677768 0.015873797 144.920118536 0.192601023 0.981257286 -0.006243823 -27.789865615 -0.016779325 -0.003068715 -0.999854508 0.446861444 0.000000000 0.000000000 0.000000000 1.000000000 
1612292884598668 -0.973756968 0.227187088 0.013542322 143.465406591 0.227105275 0.973842697 -0.007320948 -27.428264406 -0.014851316 -0.004053291 -0.999881498 0.463338612 0.000000000 0.000000000 0.000000000 1.000000000 
1612292884848661 -0.963065339 0.268618170 0.018693078 141.997823303 0.268524034 0.963244385 -0.007422748 -26.999793301 -0.019999887 -0.002129051 -0.999797715 0.467763521 0.000000000 0.000000000 0.000000000 1.000000000 
1612292885098665 -0.947999669 0.317777394 0.017724443 140.502623298 0.317676007 0.948162608 -0.008344047 -26.482842465 -0.019457204 -0.002279523 -0.999808092 0.480976649 0.000000000 0.000000000 0.000000000 1.000000000 
1612292885348670 -0.928265474 0.371594159 0.015523870 138.999158429 0.371452139 0.928383209 -0.011310422 -25.863251611 -0.018614987 -0.004732699 -0.999815525 0.494296791 0.000000000 0.000000000 0.000000000 1.000000000 
1612292885598669 -0.903749526 0.427911183 0.011349633 137.499195037 0.427780840 0.903799365 -0.012258043 -25.141030054 -0.015503145 -0.006223045 -0.999860453 0.502281043 0.000000000 0.000000000 0.000000000 1.000000000 
1612292885848050 -0.876046393 0.482197390 0.005328717 136.024720092 0.482072708 0.875992288 -0.015601786 -24.309138027 -0.012191056 -0.011099060 -0.999864085 0.506963260 0.000000000 0.000000000 0.000000000 1.000000000 
1612292886098054 -0.844305819 0.535811167 0.007353729 134.578337892 0.535649046 0.844277913 -0.016580242 -23.378641905 -0.015092470 -0.010059776 -0.999835496 0.501728773 0.000000000 0.000000000 0.000000000 1.000000000 
1612292886348056 -0.812158227 0.583368008 0.008987816 133.155731722 0.583194509 0.812168326 -0.016333208 -22.343485329 -0.016827891 -0.008023504 -0.999826208 0.497774751 0.000000000 0.000000000 0.000000000 1.000000000 
1612292886598059 -0.778066596 0.628181516 0.000595354 131.749683562 0.628044276 0.777915742 -0.020186281 -21.185246066 -0.013143784 -0.015332363 -0.999796059 0.493505479 0.000000000 0.000000000 0.000000000 1.000000000 
1612292886848057 -0.742861734 0.669433601 0.003885610 130.394550218 0.669078157 0.742634381 -0.028785330 -19.924940783 -0.022155455 -0.018783744 -0.999578064 0.479183027 0.000000000 0.000000000 0.000000000 1.000000000 
1612292887098691 -0.706981583 0.707230818 -0.001269025 129.048886275 0.706955629 0.706654061 -0.029219469 -18.557419345 -0.019768147 -0.021554771 -0.999572215 0.463789495 0.000000000 0.000000000 0.000000000 1.000000000 
1612292887348692 -0.675645205 0.737164745 0.009575717 127.754856075 0.736694429 0.675593817 -0.029228636 -17.119700248 -0.028015615 -0.012693810 -0.999526884 0.448394683 0.000000000 0.000000000 0.000000000 1.000000000 
1612292887598693 -0.650741239 0.758993269 0.021565204 126.463614510 0.758921944 0.651050847 -0.013049029 -15.626240011 -0.023944169 0.007874766 -0.999682282 0.453026501 0.000000000 0.000000000 0.000000000 1.000000000 
1612292887848702 -0.629011416 0.777275476 0.013692089 125.187172193 0.777230602 0.629143355 -0.009551427 -14.026813807 -0.016038377 0.004633954 -0.999860639 0.473312940 0.000000000 0.000000000 0.000000000 1.000000000 
1612292888098702 -0.615556961 0.788064341 0.006650055 123.942016016 0.787976393 0.615589217 -0.011963295 -12.373096552 -0.013521548 -0.002124003 -0.999906324 0.487601835 0.000000000 0.000000000 0.000000000 1.000000000 
1612292888348705 -0.607658385 0.794068045 0.014395403 122.742470424 0.793718094 0.607821399 -0.023764142 -10.704894884 -0.027620180 -0.003014589 -0.999613944 0.487815517 0.000000000 0.000000000 0.000000000 1.000000000 
1612292888599335 -0.603370389 0.797449188 0.004355039 121.526092528 0.797035824 0.603217966 -0.029359490 -9.009428701 -0.026039739 -0.014243525 -0.999559430 0.504667512 0.000000000 0.000000000 0.000000000 1.000000000 
1612292888849336 -0.598249689 0.801250487 0.009745134 120.335970389 0.800725352 0.598233558 -0.030911498 -7.343210921 -0.030597719 -0.010689618 -0.999474618 0.504856486 0.000000000 0.000000000 0.000000000 1.000000000 
1612292889099338 -0.593845789 0.804552389 0.006529354 119.149395524 0.804105249 0.593755078 -0.029489922 -5.672208922 -0.027603024 -0.012262178 -0.999543752 0.513646592 0.000000000 0.000000000 0.000000000 1.000000000 
1612292889348716 -0.589214348 0.807970699 0.003130865 117.990582034 0.807492941 0.588991179 -0.032319374 -4.008426544 -0.027957159 -0.016514887 -0.999472689 0.517139647 0.000000000 0.000000000 0.000000000 1.000000000 
1612292889598094 -0.588844257 0.808243768 0.002110202 116.851340508 0.807690881 0.588534234 -0.035537259 -2.360074958 -0.029964694 -0.019221520 -0.999366124 0.515217536 0.000000000 0.000000000 0.000000000 1.000000000 
1612292889848725 -0.590624908 0.806946205 -0.000203420 115.712732852 0.806351892 0.590180204 -0.038522117 -0.718920885 -0.030965222 -0.022916150 -0.999257727 0.510632167 0.000000000 0.000000000 0.000000000 1.000000000 
1612292890098102 -0.599843141 0.800113738 -0.002492465 114.580414915 0.799427354 0.599193376 -0.043395892 0.892619242 -0.033228181 -0.028023272 -0.999054845 0.501051676 0.000000000 0.000000000 0.000000000 1.000000000 
1612292890348103 -0.613272675 0.789868243 -0.002187417 113.427245168 0.789142596 0.612585640 -0.044640755 2.466591767 -0.033920335 -0.029103140 -0.999000710 0.489670438 0.000000000 0.000000000 0.000000000 1.000000000 
1612292890598107 -0.631496313 0.775351426 -0.006524797 112.248810721 0.774728410 0.630599593 -0.046260615 4.005664914 -0.031753700 -0.034268354 -0.998908095 0.476458867 0.000000000 0.000000000 0.000000000 1.000000000 
1612292890847483 -0.654694006 0.755876780 -0.005104140 111.052788708 0.755142096 0.653726738 -0.049007828 5.485372168 -0.033707166 -0.035939482 -0.998785353 0.458227128 0.000000000 0.000000000 0.000000000 1.000000000 
1612292891098113 -0.680423203 0.732725650 -0.011721249 109.811240530 0.732128494 0.679000358 -0.054280586 6.926209949 -0.031814045 -0.045515231 -0.998456925 0.441186415 0.000000000 0.000000000 0.000000000 1.000000000 
1612292891348118 -0.708938326 0.705270236 0.000586769 108.554361518 0.704256892 0.707963811 -0.053004461 8.259746096 -0.037797880 -0.037163658 -0.998594103 0.422013843 0.000000000 0.000000000 0.000000000 1.000000000 
1612292891598122 -0.740152833 0.672396616 0.007521650 107.265387585 0.671247693 0.739461130 -0.051222764 9.508020248 -0.040003980 -0.032863784 -0.998658927 0.416600484 0.000000000 0.000000000 0.000000000 1.000000000 
1612292891849374 -0.773570911 0.633695227 0.004290182 105.932418521 0.632860461 0.772866857 -0.046523738 10.668371458 -0.032797610 -0.033274324 -0.998907972 0.435337864 0.000000000 0.000000000 0.000000000 1.000000000 
1612292892100000 -0.804617147 0.593601622 0.015111639 104.608194551 0.592359976 0.804181667 -0.049005152 11.722453349 -0.041242041 -0.030478855 -0.998684201 0.438904254 0.000000000 0.000000000 0.000000000 1.000000000 
1612292892350004 -0.835377044 0.549098116 0.025228022 103.259037135 0.547770156 0.835421261 -0.044935205 12.669443263 -0.045749863 -0.023718682 -0.998671304 0.467889984 0.000000000 0.000000000 0.000000000 1.000000000 
1612292892600018 -0.864131068 0.502231083 0.032271303 101.879131197 0.500990964 0.864544318 -0.039638068 13.522200103 -0.047807441 -0.018084855 -0.998692839 0.504067232 0.000000000 0.000000000 0.000000000 1.000000000 
1612292892850011 -0.892886824 0.449852291 0.019647791 100.451464945 0.449088054 0.892847136 -0.033821777 14.294695788 -0.032757278 -0.021375430 -0.999234733 0.550561100 0.000000000 0.000000000 0.000000000 1.000000000 
1612292893099389 -0.918911320 0.394311071 0.010989305 99.016381570 0.393789242 0.918611993 -0.032894360 14.968014750 -0.023065518 -0.025899530 -0.999398417 0.579671912 0.000000000 0.000000000 0.000000000 1.000000000 
1612292893349395 -0.940845311 0.338597318 0.012726221 97.570952112 0.338252179 0.940765029 -0.023379979 15.521253809 -0.019888782 -0.017692272 -0.999645647 0.594151186 0.000000000 0.000000000 0.000000000 1.000000000 
1612292893599399 -0.959959548 0.279633693 0.016812620 96.120789493 0.279247302 0.959964022 -0.022136401 15.994181642 -0.022329594 -0.016555171 -0.999613583 0.611087345 0.000000000 0.000000000 0.000000000 1.000000000 
1612292893849402 -0.974345372 0.224231876 0.019265543 94.649244718 0.223757709 0.974348764 -0.024020268 16.385600160 -0.024157468 -0.019093223 -0.999525820 0.629328949 0.000000000 0.000000000 0.000000000 1.000000000 
1612292894098778 -0.986348176 0.163618898 0.018604609 93.139959777 0.163231857 0.986370266 -0.020713761 16.680860580 -0.021740196 -0.017394116 -0.999612329 0.649549531 0.000000000 0.000000000 0.000000000 1.000000000 
1612292894349409 -0.994154965 0.105881282 0.021096442 91.589818170 0.105098388 0.993835477 -0.035289839 16.927939137 -0.024702926 -0.032866367 -0.999154426 0.670815575 0.000000000 0.000000000 0.000000000 1.000000000 
1612292894598785 -0.998286296 0.047166020 0.034638671 90.021714234 0.046026057 0.998394957 -0.033001706 17.053101076 -0.036139634 -0.031350869 -0.998854869 0.692447285 0.000000000 0.000000000 0.000000000 1.000000000 
1612292894848791 -0.999378142 -0.014659265 0.032069211 88.384529328 -0.016020018 0.998963988 -0.042594706 17.109645736 -0.031411579 -0.043081968 -0.998577617 0.730592954 0.000000000 0.000000000 0.000000000 1.000000000 
1612292895098176 -0.996938785 -0.073211417 0.027443547 86.715377942 -0.073904983 0.996947561 -0.025171702 17.013713936 -0.025516921 -0.027122861 -0.999306378 0.773064599 0.000000000 0.000000000 0.000000000 1.000000000 
1612292895348796 -0.991835315 -0.125342384 0.023494576 85.003846708 -0.125849476 0.991816139 -0.021509422 16.848974904 -0.020606258 -0.024290584 -0.999492546 0.800054197 0.000000000 0.000000000 0.000000000 1.000000000 
1612292895598174 -0.986458557 -0.163153549 0.016746168 83.281982303 -0.163179086 0.986596453 -0.000160811 16.567019142 -0.016495473 -0.002891258 -0.999859760 0.834636497 0.000000000 0.000000000 0.000000000 1.000000000 
1612292895848179 -0.982298870 -0.184510579 0.032323004 81.565927126 -0.184829429 0.982744640 -0.007145271 16.301556509 -0.030446881 -0.012993034 -0.999451934 0.851098142 0.000000000 0.000000000 0.000000000 1.000000000 
1612292896097552 -0.979735257 -0.199186597 0.021060073 79.802061136 -0.199310148 0.979928624 -0.003918845 15.979652732 -0.019856787 -0.008036917 -0.999770532 0.894081035 0.000000000 0.000000000 0.000000000 1.000000000 
1612292896348184 -0.978454910 -0.205590787 0.018931922 78.032332105 -0.205618147 0.978632166 0.000510904 15.640143963 -0.018632425 -0.003392850 -0.999820645 0.924635353 0.000000000 0.000000000 0.000000000 1.000000000 
1612292896598186 -0.976786253 -0.212594304 0.026311159 76.280694030 -0.212736899 0.977105755 -0.002712196 15.306494021 -0.025132187 -0.008246590 -0.999650122 0.952549745 0.000000000 0.000000000 0.000000000 1.000000000 
1612292896848189 -0.976023391 -0.215744022 0.028859280 74.532368861 -0.215849640 0.976426454 -0.000558819 14.953684061 -0.028058403 -0.006774686 -0.999583328 0.989851911 0.000000000 0.000000000 0.000000000 1.000000000 
1612292897098819 -0.975360426 -0.219383783 0.023297956 72.778276622 -0.219486692 0.975613596 -0.001924286 14.601758450 -0.022307645 -0.006990463 -0.999726714 1.031255080 0.000000000 0.000000000 0.000000000 1.000000000 
1612292897349448 -0.974997069 -0.221286556 0.020321784 71.042532263 -0.221333114 0.975198262 -0.000042964 14.242382306 -0.019808261 -0.004539774 -0.999793490 1.063660542 0.000000000 0.000000000 0.000000000 1.000000000 
1612292897599450 -0.974962923 -0.221896163 0.014470362 69.310636830 -0.221936352 0.975060400 -0.001213024 13.888422928 -0.013840312 -0.004394153 -0.999894563 1.088721539 0.000000000 0.000000000 0.000000000 1.000000000 
1612292897849450 -0.974998731 -0.222074117 0.007782048 67.575774520 -0.222120025 0.975003091 -0.005627351 13.538996161 -0.006337832 -0.007215209 -0.999953885 1.102382732 0.000000000 0.000000000 0.000000000 1.000000000 
1612292898099457 -0.974692357 -0.223426850 0.007433215 65.852028526 -0.223443633 0.974715700 -0.001499051 13.174221863 -0.006910344 -0.003122018 -0.999971250 1.109727697 0.000000000 0.000000000 0.000000000 1.000000000 
1612292898349459 -0.973418051 -0.228154076 0.020075268 64.147399456 -0.228152916 0.973622406 0.002378722 12.807471428 -0.020088446 -0.002264740 -0.999795642 1.115907178 0.000000000 0.000000000 0.000000000 1.000000000 
1612292898599766 -0.972487719 -0.232529029 0.014067215 62.411608099 -0.232428893 0.972577115 0.008400247 12.417198006 -0.015634753 0.004899510 -0.999865766 1.140206894 0.000000000 0.000000000 0.000000000 1.000000000 
